#Hydrophone calibration sensitivities. This file contains three header lines followed by comma delimited data. First column is the centre frequency of each bin (Hz). Second column is the sensitivity calibration for each bin (dB re Counts^2/uPa^2).
#The maximum frequency included in this sensitivity file is equal to 0.4 times the sampling frequency for this hydrophone, which is the maximum usable frequency unaffected by the recording system's anti-aliasing filter in accordance with ISO 7605:2025.
#Data is from device attributes: https://data.oceannetworks.ca/DeviceListing?DeviceId=23235. Applicable for deviceID 23235 from 18-Feb-2020 (ongoing). Device attribute HydrophonePreDeploymentSensitivityValuesPart1 last modified: 11-May-2026 08:43:41
10, -58.4103
20, -41.8546
30, -40.4713
40, -40.1088
50, -39.9583
60, -39.8822
70, -39.8359
80, -39.8048
90, -39.7827
100, -39.7643
110, -39.7548
120, -39.7473
130, -39.7388
140, -39.7304
150, -39.7236
160, -39.7168
170, -39.7135
180, -39.7116
190, -39.7098
200, -39.7079
210, -39.7059
220, -39.7039
230, -39.7025
240, -39.7017
250, -39.7009
260, -39.7001
270, -39.6991
280, -39.6981
290, -39.697
300, -39.6959
310, -39.6948
320, -39.6927
330, -39.6905
340, -39.6884
350, -39.6862
360, -39.684
370, -39.682
380, -39.6804
390, -39.6789
400, -39.6773
410, -39.6758
420, -39.6742
430, -39.6727
440, -39.672
450, -39.6715
460, -39.6711
470, -39.6706
480, -39.6702
490, -39.6697
500, -39.6692
510, -39.6685
520, -39.6653
530, -39.662
540, -39.6588
550, -39.6556
560, -39.6523
570, -39.6491
580, -39.6459
590, -39.6427
600, -39.6394
610, -39.6328
620, -39.6257
630, -39.6187
640, -39.6117
650, -39.6046
660, -39.5976
670, -39.5906
680, -39.5835
690, -39.5765
700, -39.5695
710, -39.5631
720, -39.563
730, -39.5629
740, -39.5628
750, -39.5627
760, -39.5626
770, -39.5625
780, -39.5624
790, -39.5623
800, -39.5622
810, -39.5621
820, -39.562
830, -39.5619
840, -39.5618
850, -39.5617
860, -39.5616
870, -39.5615
880, -39.5614
890, -39.5613
900, -39.5612
910, -39.5611
920, -39.561
930, -39.5609
940, -39.5608
950, -39.5607
960, -39.5606
970, -39.5605
980, -39.5604
990, -39.5603
1000, -39.5602
1010, -39.5601
1020, -39.56
1030, -39.5599
1040, -39.5598
1050, -39.5597
1060, -39.5596
1070, -39.5595
1080, -39.5594
1090, -39.5593
1100, -39.5592
1110, -39.5591
1120, -39.559
1130, -39.5589
1140, -39.5588
1150, -39.5587
1160, -39.5586
1170, -39.5585
1180, -39.5584
1190, -39.5583
1200, -39.5582
1210, -39.5581
1220, -39.558
1230, -39.5579
1240, -39.5578
1250, -39.5577
1260, -39.5576
1270, -39.5575
1280, -39.5574
1290, -39.5573
1300, -39.5572
1310, -39.5571
1320, -39.557
1330, -39.5569
1340, -39.5568
1350, -39.5567
1360, -39.5566
1370, -39.5565
1380, -39.5564
1390, -39.5563
1400, -39.5562
1410, -39.5561
1420, -39.556
1430, -39.5559
1440, -39.5558
1450, -39.5557
1460, -39.5556
1470, -39.5555
1480, -39.5554
1490, -39.5553
1500, -39.5552
1510, -39.5551
1520, -39.555
1530, -39.5549
1540, -39.5548
1550, -39.5547
1560, -39.5546
1570, -39.5545
1580, -39.5544
1590, -39.5543
1600, -39.5542
1610, -39.5541
1620, -39.554
1630, -39.5539
1640, -39.5538
1650, -39.5537
1660, -39.5536
1670, -39.5535
1680, -39.5534
1690, -39.5533
1700, -39.5532
1710, -39.5531
1720, -39.553
1730, -39.5529
1740, -39.5528
1750, -39.5527
1760, -39.5526
1770, -39.5525
1780, -39.5524
1790, -39.5523
1800, -39.5522
1810, -39.5521
1820, -39.552
1830, -39.5519
1840, -39.5518
1850, -39.5517
1860, -39.5516
1870, -39.5515
1880, -39.5514
1890, -39.5513
1900, -39.5512
1910, -39.5511
1920, -39.551
1930, -39.5509
1940, -39.5508
1950, -39.5507
1960, -39.5506
1970, -39.5505
1980, -39.5504
1990, -39.5503
2000, -39.5502
2010, -39.5501
2020, -39.55
2030, -39.5499
2040, -39.5498
2050, -39.5497
2060, -39.5496
2070, -39.5495
2080, -39.5494
2090, -39.5493
2100, -39.5492
2110, -39.5491
2120, -39.549
2130, -39.5489
2140, -39.5488
2150, -39.5487
2160, -39.5486
2170, -39.5485
2180, -39.5484
2190, -39.5483
2200, -39.5482
2210, -39.5481
2220, -39.548
2230, -39.5479
2240, -39.5478
2250, -39.5477
2260, -39.5476
2270, -39.5475
2280, -39.5474
2290, -39.5473
2300, -39.5472
2310, -39.5471
2320, -39.547
2330, -39.5469
2340, -39.5468
2350, -39.5467
2360, -39.5466
2370, -39.5465
2380, -39.5464
2390, -39.5463
2400, -39.5462
2410, -39.5461
2420, -39.546
2430, -39.5459
2440, -39.5458
2450, -39.5457
2460, -39.5456
2470, -39.5455
2480, -39.5454
2490, -39.5453
2500, -39.5452
2510, -39.5451
2520, -39.545
2530, -39.5449
2540, -39.5448
2550, -39.5447
2560, -39.5446
2570, -39.5445
2580, -39.5444
2590, -39.5443
2600, -39.5442
2610, -39.5441
2620, -39.544
2630, -39.5439
2640, -39.5438
2650, -39.5437
2660, -39.5436
2670, -39.5435
2680, -39.5434
2690, -39.5433
2700, -39.5432
2710, -39.5431
2720, -39.543
2730, -39.5429
2740, -39.5428
2750, -39.5427
2760, -39.5426
2770, -39.5425
2780, -39.5424
2790, -39.5423
2800, -39.5422
2810, -39.5421
2820, -39.542
2830, -39.5419
2840, -39.5418
2850, -39.5417
2860, -39.5416
2870, -39.5415
2880, -39.5414
2890, -39.5413
2900, -39.5412
2910, -39.5411
2920, -39.541
2930, -39.5409
2940, -39.5408
2950, -39.5407
2960, -39.5406
2970, -39.5405
2980, -39.5404
2990, -39.5403
3000, -39.5402
3010, -39.5401
3020, -39.54
3030, -39.5399
3040, -39.5398
3050, -39.5397
3060, -39.5396
3070, -39.5395
3080, -39.5394
3090, -39.5393
3100, -39.5392
3110, -39.5391
3120, -39.539
3130, -39.5389
3140, -39.5388
3150, -39.5387
3160, -39.5386
3170, -39.5385
3180, -39.5384
3190, -39.5383
3200, -39.5382
3210, -39.5381
3220, -39.538
3230, -39.5379
3240, -39.5378
3250, -39.5377
3260, -39.5376
3270, -39.5375
3280, -39.5374
3290, -39.5373
3300, -39.5372
3310, -39.5371
3320, -39.537
3330, -39.5369
3340, -39.5368
3350, -39.5367
3360, -39.5366
3370, -39.5365
3380, -39.5364
3390, -39.5363
3400, -39.5362
3410, -39.5361
3420, -39.536
3430, -39.5359
3440, -39.5358
3450, -39.5357
3460, -39.5356
3470, -39.5355
3480, -39.5354
3490, -39.5353
3500, -39.5352
3510, -39.5351
3520, -39.535
3530, -39.5349
3540, -39.5348
3550, -39.5347
3560, -39.5346
3570, -39.5345
3580, -39.5344
3590, -39.5343
3600, -39.5342
3610, -39.5341
3620, -39.534
3630, -39.5339
3640, -39.5338
3650, -39.5337
3660, -39.5336
3670, -39.5335
3680, -39.5334
3690, -39.5333
3700, -39.5332
3710, -39.5331
3720, -39.533
3730, -39.5329
3740, -39.5328
3750, -39.5327
3760, -39.5326
3770, -39.5325
3780, -39.5324
3790, -39.5323
3800, -39.5322
3810, -39.5321
3820, -39.532
3830, -39.5319
3840, -39.5318
3850, -39.5317
3860, -39.5316
3870, -39.5315
3880, -39.5314
3890, -39.5313
3900, -39.5312
3910, -39.5311
3920, -39.531
3930, -39.5309
3940, -39.5308
3950, -39.5307
3960, -39.5306
3970, -39.5305
3980, -39.5304
3990, -39.5303
4000, -39.5302
4010, -39.5301
4020, -39.53
4030, -39.5299
4040, -39.5298
4050, -39.5297
4060, -39.5296
4070, -39.5295
4080, -39.5294
4090, -39.5293
4100, -39.5292
4110, -39.5291
4120, -39.529
4130, -39.5289
4140, -39.5288
4150, -39.5287
4160, -39.5286
4170, -39.5285
4180, -39.5284
4190, -39.5283
4200, -39.5282
4210, -39.5281
4220, -39.528
4230, -39.5279
4240, -39.5278
4250, -39.5277
4260, -39.5276
4270, -39.5275
4280, -39.5274
4290, -39.5273
4300, -39.5272
4310, -39.5271
4320, -39.527
4330, -39.5269
4340, -39.5268
4350, -39.5267
4360, -39.5266
4370, -39.5265
4380, -39.5264
4390, -39.5263
4400, -39.5262
4410, -39.5261
4420, -39.526
4430, -39.5259
4440, -39.5258
4450, -39.5257
4460, -39.5256
4470, -39.5255
4480, -39.5254
4490, -39.5253
4500, -39.5252
4510, -39.5251
4520, -39.525
4530, -39.5249
4540, -39.5248
4550, -39.5247
4560, -39.5246
4570, -39.5245
4580, -39.5244
4590, -39.5243
4600, -39.5242
4610, -39.5241
4620, -39.524
4630, -39.5239
4640, -39.5238
4650, -39.5237
4660, -39.5236
4670, -39.5235
4680, -39.5234
4690, -39.5233
4700, -39.5232
4710, -39.5231
4720, -39.523
4730, -39.5229
4740, -39.5228
4750, -39.5227
4760, -39.5226
4770, -39.5225
4780, -39.5224
4790, -39.5223
4800, -39.5222
4810, -39.5221
4820, -39.522
4830, -39.5219
4840, -39.5218
4850, -39.5217
4860, -39.5216
4870, -39.5215
4880, -39.5214
4890, -39.5213
4900, -39.5212
4910, -39.5211
4920, -39.521
4930, -39.5209
4940, -39.5208
4950, -39.5207
4960, -39.5206
4970, -39.5205
4980, -39.5204
4990, -39.5203
5000, -39.5202
5010, -39.5201
5020, -39.52
5030, -39.5199
5040, -39.5198
5050, -39.5197
5060, -39.5196
5070, -39.5195
5080, -39.5194
5090, -39.5193
5100, -39.5192
5110, -39.5191
5120, -39.519
5130, -39.5189
5140, -39.5188
5150, -39.5187
5160, -39.5186
5170, -39.5185
5180, -39.5184
5190, -39.5183
5200, -39.5182
5210, -39.5181
5220, -39.518
5230, -39.5179
5240, -39.5178
5250, -39.5177
5260, -39.5176
5270, -39.5175
5280, -39.5174
5290, -39.5173
5300, -39.5172
5310, -39.5171
5320, -39.517
5330, -39.5169
5340, -39.5168
5350, -39.5167
5360, -39.5166
5370, -39.5165
5380, -39.5164
5390, -39.5163
5400, -39.5162
5410, -39.5161
5420, -39.516
5430, -39.5159
5440, -39.5158
5450, -39.5157
5460, -39.5156
5470, -39.5155
5480, -39.5154
5490, -39.5153
5500, -39.5152
5510, -39.5151
5520, -39.515
5530, -39.5149
5540, -39.5148
5550, -39.5146
5560, -39.5145
5570, -39.5144
5580, -39.5143
5590, -39.5142
5600, -39.5141
5610, -39.514
5620, -39.5139
5630, -39.5138
5640, -39.5137
5650, -39.5136
5660, -39.5135
5670, -39.5134
5680, -39.5133
5690, -39.5132
5700, -39.5131
5710, -39.513
5720, -39.5129
5730, -39.5128
5740, -39.5127
5750, -39.5126
5760, -39.5125
5770, -39.5124
5780, -39.5123
5790, -39.5122
5800, -39.5121
5810, -39.512
5820, -39.5119
5830, -39.5118
5840, -39.5117
5850, -39.5116
5860, -39.5115
5870, -39.5114
5880, -39.5113
5890, -39.5112
5900, -39.5111
5910, -39.511
5920, -39.5109
5930, -39.5108
5940, -39.5107
5950, -39.5106
5960, -39.5105
5970, -39.5104
5980, -39.5103
5990, -39.5102
6000, -39.5101
6010, -39.51
6020, -39.5099
6030, -39.5098
6040, -39.5097
6050, -39.5096
6060, -39.5095
6070, -39.5094
6080, -39.5093
6090, -39.5092
6100, -39.5091
6110, -39.509
6120, -39.5089
6130, -39.5088
6140, -39.5087
6150, -39.5086
6160, -39.5085
6170, -39.5084
6180, -39.5083
6190, -39.5082
6200, -39.5081
6210, -39.508
6220, -39.5079
6230, -39.5078
6240, -39.5077
6250, -39.5076
6260, -39.5075
6270, -39.5074
6280, -39.5073
6290, -39.5072
6300, -39.5071
6310, -39.507
6320, -39.5069
6330, -39.5068
6340, -39.5067
6350, -39.5066
6360, -39.5065
6370, -39.5064
6380, -39.5063
6390, -39.5062
6400, -39.5061
6410, -39.506
6420, -39.5059
6430, -39.5058
6440, -39.5057
6450, -39.5056
6460, -39.5055
6470, -39.5054
6480, -39.5053
6490, -39.5052
6500, -39.5051
6510, -39.505
6520, -39.5049
6530, -39.5048
6540, -39.5047
6550, -39.5046
6560, -39.5045
6570, -39.5044
6580, -39.5043
6590, -39.5042
6600, -39.5041
6610, -39.504
6620, -39.5039
6630, -39.5038
6640, -39.5037
6650, -39.5036
6660, -39.5035
6670, -39.5034
6680, -39.5033
6690, -39.5032
6700, -39.5031
6710, -39.503
6720, -39.5029
6730, -39.5028
6740, -39.5027
6750, -39.5026
6760, -39.5025
6770, -39.5024
6780, -39.5023
6790, -39.5022
6800, -39.5021
6810, -39.502
6820, -39.5019
6830, -39.5018
6840, -39.5017
6850, -39.5016
6860, -39.5015
6870, -39.5014
6880, -39.5013
6890, -39.5012
6900, -39.5011
6910, -39.501
6920, -39.5009
6930, -39.5008
6940, -39.5007
6950, -39.5006
6960, -39.5005
6970, -39.5004
6980, -39.5003
6990, -39.5002
7000, -39.5001
7010, -39.5
7020, -39.4999
7030, -39.4998
7040, -39.4997
7050, -39.4996
7060, -39.4995
7070, -39.4994
7080, -39.4993
7090, -39.4992
7100, -39.4991
7110, -39.499
7120, -39.4989
7130, -39.4988
7140, -39.4987
7150, -39.4986
7160, -39.4985
7170, -39.4984
7180, -39.4983
7190, -39.4982
7200, -39.4981
7210, -39.498
7220, -39.4979
7230, -39.4978
7240, -39.4977
7250, -39.4976
7260, -39.4975
7270, -39.4974
7280, -39.4973
7290, -39.4972
7300, -39.4971
7310, -39.497
7320, -39.4969
7330, -39.4968
7340, -39.4967
7350, -39.4966
7360, -39.4965
7370, -39.4964
7380, -39.4963
7390, -39.4962
7400, -39.4961
7410, -39.496
7420, -39.4959
7430, -39.4958
7440, -39.4957
7450, -39.4956
7460, -39.4955
7470, -39.4954
7480, -39.4953
7490, -39.4952
7500, -39.4951
7510, -39.495
7520, -39.4949
7530, -39.4948
7540, -39.4947
7550, -39.4946
7560, -39.4945
7570, -39.4944
7580, -39.4943
7590, -39.4942
7600, -39.4941
7610, -39.494
7620, -39.4939
7630, -39.4938
7640, -39.4937
7650, -39.4936
7660, -39.4935
7670, -39.4934
7680, -39.4933
7690, -39.4932
7700, -39.4931
7710, -39.493
7720, -39.4929
7730, -39.4928
7740, -39.4927
7750, -39.4926
7760, -39.4925
7770, -39.4924
7780, -39.4923
7790, -39.4922
7800, -39.4921
7810, -39.492
7820, -39.4919
7830, -39.4918
7840, -39.4917
7850, -39.4916
7860, -39.4915
7870, -39.4914
7880, -39.4913
7890, -39.4912
7900, -39.4911
7910, -39.491
7920, -39.4909
7930, -39.4908
7940, -39.4907
7950, -39.4906
7960, -39.4905
7970, -39.4904
7980, -39.4903
7990, -39.4902
8000, -39.4901
8010, -39.49
8020, -39.4899
8030, -39.4898
8040, -39.4897
8050, -39.4896
8060, -39.4895
8070, -39.4894
8080, -39.4893
8090, -39.4892
8100, -39.4891
8110, -39.489
8120, -39.4889
8130, -39.4888
8140, -39.4887
8150, -39.4886
8160, -39.4885
8170, -39.4884
8180, -39.4883
8190, -39.4882
8200, -39.4881
8210, -39.488
8220, -39.4879
8230, -39.4878
8240, -39.4877
8250, -39.4876
8260, -39.4875
8270, -39.4874
8280, -39.4873
8290, -39.4872
8300, -39.4871
8310, -39.487
8320, -39.4869
8330, -39.4868
8340, -39.4867
8350, -39.4866
8360, -39.4865
8370, -39.4864
8380, -39.4863
8390, -39.4862
8400, -39.4861
8410, -39.486
8420, -39.4859
8430, -39.4858
8440, -39.4857
8450, -39.4856
8460, -39.4855
8470, -39.4854
8480, -39.4853
8490, -39.4852
8500, -39.4851
8510, -39.485
8520, -39.4849
8530, -39.4848
8540, -39.4847
8550, -39.4846
8560, -39.4845
8570, -39.4844
8580, -39.4843
8590, -39.4842
8600, -39.4841
8610, -39.484
8620, -39.4839
8630, -39.4838
8640, -39.4837
8650, -39.4836
8660, -39.4835
8670, -39.4834
8680, -39.4833
8690, -39.4832
8700, -39.4831
8710, -39.483
8720, -39.4829
8730, -39.4828
8740, -39.4827
8750, -39.4826
8760, -39.4825
8770, -39.4824
8780, -39.4823
8790, -39.4822
8800, -39.4821
8810, -39.482
8820, -39.4819
8830, -39.4818
8840, -39.4817
8850, -39.4816
8860, -39.4815
8870, -39.4814
8880, -39.4813
8890, -39.4812
8900, -39.4811
8910, -39.481
8920, -39.4809
8930, -39.4808
8940, -39.4807
8950, -39.4806
8960, -39.4805
8970, -39.4804
8980, -39.4803
8990, -39.4802
9000, -39.4801
9010, -39.48
9020, -39.4799
9030, -39.4798
9040, -39.4797
9050, -39.4796
9060, -39.4795
9070, -39.4794
9080, -39.4793
9090, -39.4792
9100, -39.4791
9110, -39.479
9120, -39.4789
9130, -39.4788
9140, -39.4787
9150, -39.4786
9160, -39.4785
9170, -39.4784
9180, -39.4783
9190, -39.4782
9200, -39.4781
9210, -39.478
9220, -39.4779
9230, -39.4778
9240, -39.4777
9250, -39.4776
9260, -39.4775
9270, -39.4774
9280, -39.4773
9290, -39.4772
9300, -39.4771
9310, -39.477
9320, -39.4769
9330, -39.4768
9340, -39.4767
9350, -39.4766
9360, -39.4765
9370, -39.4764
9380, -39.4763
9390, -39.4762
9400, -39.4761
9410, -39.476
9420, -39.4759
9430, -39.4758
9440, -39.4757
9450, -39.4756
9460, -39.4755
9470, -39.4754
9480, -39.4753
9490, -39.4752
9500, -39.4751
9510, -39.475
9520, -39.4749
9530, -39.4748
9540, -39.4747
9550, -39.4746
9560, -39.4745
9570, -39.4744
9580, -39.4743
9590, -39.4742
9600, -39.4741
9610, -39.474
9620, -39.4739
9630, -39.4738
9640, -39.4737
9650, -39.4736
9660, -39.4735
9670, -39.4734
9680, -39.4733
9690, -39.4732
9700, -39.4731
9710, -39.473
9720, -39.4729
9730, -39.4728
9740, -39.4727
9750, -39.4726
9760, -39.4725
9770, -39.4724
9780, -39.4723
9790, -39.4722
9800, -39.4721
9810, -39.472
9820, -39.4719
9830, -39.4718
9840, -39.4717
9850, -39.4716
9860, -39.4715
9870, -39.4714
9880, -39.4713
9890, -39.4712
9900, -39.4711
9910, -39.471
9920, -39.4709
9930, -39.4708
9940, -39.4707
9950, -39.4706
9960, -39.4705
9970, -39.4704
9980, -39.4703
9990, -39.4702
10000, -39.4701
10010, -39.4701
10020, -39.4714
10030, -39.4727
10040, -39.474
10050, -39.4753
10060, -39.4766
10070, -39.4779
10080, -39.4791
10090, -39.4804
10100, -39.4817
10110, -39.483
10120, -39.4843
10130, -39.4856
10140, -39.4869
10150, -39.4881
10160, -39.4894
10170, -39.4907
10180, -39.492
10190, -39.4933
10200, -39.4946
10210, -39.4959
10220, -39.4972
10230, -39.4984
10240, -39.4997
10250, -39.501
10260, -39.5023
10270, -39.5036
10280, -39.5049
10290, -39.5062
10300, -39.5075
10310, -39.5087
10320, -39.51
10330, -39.5113
10340, -39.5126
10350, -39.5139
10360, -39.5152
10370, -39.5165
10380, -39.5178
10390, -39.519
10400, -39.5203
10410, -39.5216
10420, -39.5229
10430, -39.5242
10440, -39.5255
10450, -39.5268
10460, -39.528
10470, -39.5293
10480, -39.5306
10490, -39.5319
10500, -39.5332
10510, -39.5345
10520, -39.5358
10530, -39.5371
10540, -39.5383
10550, -39.5396
10560, -39.5409
10570, -39.5422
10580, -39.5435
10590, -39.5448
10600, -39.5461
10610, -39.5474
10620, -39.5486
10630, -39.5499
10640, -39.5512
10650, -39.5525
10660, -39.5538
10670, -39.5551
10680, -39.5564
10690, -39.5577
10700, -39.5589
10710, -39.5602
10720, -39.5615
10730, -39.5628
10740, -39.5641
10750, -39.5654
10760, -39.5667
10770, -39.568
10780, -39.5692
10790, -39.5705
10800, -39.5718
10810, -39.5731
10820, -39.5744
10830, -39.5757
10840, -39.577
10850, -39.5782
10860, -39.5795
10870, -39.5808
10880, -39.5821
10890, -39.5834
10900, -39.5847
10910, -39.586
10920, -39.5873
10930, -39.5885
10940, -39.5898
10950, -39.5911
10960, -39.5924
10970, -39.5937
10980, -39.595
10990, -39.5963
11000, -39.5976
11010, -39.5988
11020, -39.6001
11030, -39.6014
11040, -39.6027
11050, -39.604
11060, -39.6053
11070, -39.6066
11080, -39.6079
11090, -39.6091
11100, -39.6104
11110, -39.6117
11120, -39.613
11130, -39.6143
11140, -39.6156
11150, -39.6169
11160, -39.6181
11170, -39.6194
11180, -39.6207
11190, -39.622
11200, -39.6233
11210, -39.6246
11220, -39.6259
11230, -39.6272
11240, -39.6284
11250, -39.6297
11260, -39.631
11270, -39.6323
11280, -39.6336
11290, -39.6349
11300, -39.6362
11310, -39.6375
11320, -39.6387
11330, -39.64
11340, -39.6413
11350, -39.6426
11360, -39.6439
11370, -39.6452
11380, -39.6465
11390, -39.6478
11400, -39.649
11410, -39.6503
11420, -39.6516
11430, -39.6529
11440, -39.6542
11450, -39.6555
11460, -39.6568
11470, -39.658
11480, -39.6593
11490, -39.6606
11500, -39.6619
11510, -39.6632
11520, -39.6645
11530, -39.6658
11540, -39.6671
11550, -39.6683
11560, -39.6696
11570, -39.6709
11580, -39.6722
11590, -39.6735
11600, -39.6748
11610, -39.6761
11620, -39.6774
11630, -39.6786
11640, -39.6799
11650, -39.6812
11660, -39.6825
11670, -39.6838
11680, -39.6851
11690, -39.6864
11700, -39.6877
11710, -39.6889
11720, -39.6902
11730, -39.6915
11740, -39.6928
11750, -39.6941
11760, -39.6954
11770, -39.6967
11780, -39.698
11790, -39.6992
11800, -39.7005
11810, -39.7018
11820, -39.7031
11830, -39.7044
11840, -39.7057
11850, -39.707
11860, -39.7082
11870, -39.7095
11880, -39.7108
11890, -39.7121
11900, -39.7134
11910, -39.7147
11920, -39.716
11930, -39.7173
11940, -39.7185
11950, -39.7198
11960, -39.7211
11970, -39.7224
11980, -39.7237
11990, -39.725
12000, -39.7263
12010, -39.7276
12020, -39.7288
12030, -39.7301
12040, -39.7314
12050, -39.7327
12060, -39.734
12070, -39.7353
12080, -39.7366
12090, -39.7379
12100, -39.7391
12110, -39.7404
12120, -39.7417
12130, -39.743
12140, -39.7443
12150, -39.7456
12160, -39.7469
12170, -39.7481
12180, -39.7494
12190, -39.7507
12200, -39.752
12210, -39.7533
12220, -39.7546
12230, -39.7559
12240, -39.7572
12250, -39.7584
12260, -39.7597
12270, -39.761
12280, -39.7623
12290, -39.7636
12300, -39.7649
12310, -39.7662
12320, -39.7675
12330, -39.7687
12340, -39.77
12350, -39.7713
12360, -39.7726
12370, -39.7739
12380, -39.7752
12390, -39.7765
12400, -39.7778
12410, -39.779
12420, -39.7803
12430, -39.7816
12440, -39.7829
12450, -39.7842
12460, -39.7855
12470, -39.7868
12480, -39.788
12490, -39.7893
12500, -39.7906
12510, -39.7919
12520, -39.7932
12530, -39.7945
12540, -39.7958
12550, -39.7971
12560, -39.7983
12570, -39.7996
12580, -39.8009
12590, -39.8022
12600, -39.8035
12610, -39.8048
12620, -39.8061
12630, -39.8074
12640, -39.8086
12650, -39.8099
12660, -39.8112
12670, -39.8125
12680, -39.8138
12690, -39.8151
12700, -39.8164
12710, -39.8177
12720, -39.8189
12730, -39.8202
12740, -39.8215
12750, -39.8228
12760, -39.8241
12770, -39.8254
12780, -39.8267
12790, -39.828
12800, -39.8292
12810, -39.8305
12820, -39.8318
12830, -39.8331
12840, -39.8344
12850, -39.8357
12860, -39.837
12870, -39.8382
12880, -39.8395
12890, -39.8408
12900, -39.8421
12910, -39.8434
12920, -39.8447
12930, -39.846
12940, -39.8473
12950, -39.8485
12960, -39.8498
12970, -39.8511
12980, -39.8524
12990, -39.8537
13000, -39.855
13010, -39.8563
13020, -39.8576
13030, -39.8588
13040, -39.8601
13050, -39.8614
13060, -39.8627
13070, -39.864
13080, -39.8653
13090, -39.8666
13100, -39.8679
13110, -39.8691
13120, -39.8704
13130, -39.8717
13140, -39.873
13150, -39.8743
13160, -39.8756
13170, -39.8769
13180, -39.8781
13190, -39.8794
13200, -39.8807
13210, -39.882
13220, -39.8833
13230, -39.8846
13240, -39.8859
13250, -39.8872
13260, -39.8884
13270, -39.8897
13280, -39.891
13290, -39.8923
13300, -39.8936
13310, -39.8949
13320, -39.8962
13330, -39.8975
13340, -39.8987
13350, -39.9
13360, -39.9013
13370, -39.9026
13380, -39.9039
13390, -39.9052
13400, -39.9065
13410, -39.9078
13420, -39.909
13430, -39.9103
13440, -39.9116
13450, -39.9129
13460, -39.9142
13470, -39.9155
13480, -39.9168
13490, -39.918
13500, -39.9193
13510, -39.9206
13520, -39.9219
13530, -39.9232
13540, -39.9245
13550, -39.9258
13560, -39.9271
13570, -39.9283
13580, -39.9296
13590, -39.9309
13600, -39.9322
13610, -39.9335
13620, -39.9348
13630, -39.9361
13640, -39.9374
13650, -39.9386
13660, -39.9399
13670, -39.9412
13680, -39.9425
13690, -39.9438
13700, -39.9451
13710, -39.9464
13720, -39.9477
13730, -39.9489
13740, -39.9502
13750, -39.9515
13760, -39.9528
13770, -39.9541
13780, -39.9554
13790, -39.9567
13800, -39.958
13810, -39.9592
13820, -39.9605
13830, -39.9618
13840, -39.9631
13850, -39.9644
13860, -39.9657
13870, -39.967
13880, -39.9682
13890, -39.9695
13900, -39.9708
13910, -39.9721
13920, -39.9734
13930, -39.9747
13940, -39.976
13950, -39.9773
13960, -39.9785
13970, -39.9798
13980, -39.9811
13990, -39.9824
14000, -39.9837
14010, -39.985
14020, -39.9863
14030, -39.9876
14040, -39.9888
14050, -39.9901
14060, -39.9914
14070, -39.9927
14080, -39.994
14090, -39.9953
14100, -39.9966
14110, -39.9979
14120, -39.9991
14130, -40.0004
14140, -40.0017
14150, -40.003
14160, -40.0043
14170, -40.0056
14180, -40.0069
14190, -40.0081
14200, -40.0094
14210, -40.0107
14220, -40.012
14230, -40.0133
14240, -40.0146
14250, -40.0159
14260, -40.0172
14270, -40.0184
14280, -40.0197
14290, -40.021
14300, -40.0223
14310, -40.0236
14320, -40.0249
14330, -40.0262
14340, -40.0275
14350, -40.0287
14360, -40.03
14370, -40.0313
14380, -40.0326
14390, -40.0339
14400, -40.0352
14410, -40.0365
14420, -40.0378
14430, -40.039
14440, -40.0403
14450, -40.0416
14460, -40.0429
14470, -40.0442
14480, -40.0455
14490, -40.0468
14500, -40.048
14510, -40.0493
14520, -40.0506
14530, -40.0519
14540, -40.0532
14550, -40.0545
14560, -40.0558
14570, -40.0571
14580, -40.0583
14590, -40.0596
14600, -40.0609
14610, -40.0622
14620, -40.0635
14630, -40.0648
14640, -40.0661
14650, -40.0674
14660, -40.0686
14670, -40.0699
14680, -40.0712
14690, -40.0725
14700, -40.0738
14710, -40.0751
14720, -40.0764
14730, -40.0777
14740, -40.0789
14750, -40.0802
14760, -40.0815
14770, -40.0828
14780, -40.0841
14790, -40.0854
14800, -40.0867
14810, -40.088
14820, -40.0892
14830, -40.0905
14840, -40.0918
14850, -40.0931
14860, -40.0944
14870, -40.0957
14880, -40.097
14890, -40.0982
14900, -40.0995
14910, -40.1008
14920, -40.1021
14930, -40.1034
14940, -40.1047
14950, -40.106
14960, -40.1073
14970, -40.1085
14980, -40.1098
14990, -40.1111
15000, -40.1124
15010, -40.1137
15020, -40.115
15030, -40.1163
15040, -40.1176
15050, -40.1188
15060, -40.1201
15070, -40.1214
15080, -40.1227
15090, -40.124
15100, -40.1253
15110, -40.1266
15120, -40.1279
15130, -40.1291
15140, -40.1304
15150, -40.1317
15160, -40.133
15170, -40.1343
15180, -40.1356
15190, -40.1369
15200, -40.1381
15210, -40.1394
15220, -40.1407
15230, -40.142
15240, -40.1433
15250, -40.1446
15260, -40.1459
15270, -40.1472
15280, -40.1484
15290, -40.1497
15300, -40.151
15310, -40.1523
15320, -40.1536
15330, -40.1549
15340, -40.1562
15350, -40.1575
15360, -40.1587
15370, -40.16
15380, -40.1613
15390, -40.1626
15400, -40.1639
15410, -40.1652
15420, -40.1665
15430, -40.1678
15440, -40.169
15450, -40.1703
15460, -40.1716
15470, -40.1729
15480, -40.1742
15490, -40.1755
15500, -40.1768
15510, -40.178
15520, -40.1793
15530, -40.1806
15540, -40.1819
15550, -40.1832
15560, -40.1845
15570, -40.1858
15580, -40.1871
15590, -40.1883
15600, -40.1896
15610, -40.1909
15620, -40.1922
15630, -40.1935
15640, -40.1948
15650, -40.1961
15660, -40.1974
15670, -40.1986
15680, -40.1999
15690, -40.2012
15700, -40.2025
15710, -40.2038
15720, -40.2051
15730, -40.2064
15740, -40.2077
15750, -40.2089
15760, -40.2102
15770, -40.2115
15780, -40.2128
15790, -40.2141
15800, -40.2154
15810, -40.2167
15820, -40.218
15830, -40.2192
15840, -40.2205
15850, -40.2218
15860, -40.2231
15870, -40.2244
15880, -40.2257
15890, -40.227
15900, -40.2282
15910, -40.2295
15920, -40.2308
15930, -40.2321
15940, -40.2334
15950, -40.2347
15960, -40.236
15970, -40.2373
15980, -40.2385
15990, -40.2398
16000, -40.2411
16010, -40.2424
16020, -40.2437
16030, -40.245
16040, -40.2463
16050, -40.2476
16060, -40.2488
16070, -40.2501
16080, -40.2514
16090, -40.2527
16100, -40.254
16110, -40.2553
16120, -40.2566
16130, -40.2579
16140, -40.2591
16150, -40.2604
16160, -40.2617
16170, -40.263
16180, -40.2643
16190, -40.2656
16200, -40.2669
16210, -40.2681
16220, -40.2694
16230, -40.2707
16240, -40.272
16250, -40.2733
16260, -40.2746
16270, -40.2759
16280, -40.2772
16290, -40.2784
16300, -40.2797
16310, -40.281
16320, -40.2823
16330, -40.2836
16340, -40.2849
16350, -40.2862
16360, -40.2875
16370, -40.2887
16380, -40.29
16390, -40.2913
16400, -40.2926
16410, -40.2939
16420, -40.2952
16430, -40.2965
16440, -40.2978
16450, -40.299
16460, -40.3003
16470, -40.3016
16480, -40.3029
16490, -40.3042
16500, -40.3055
16510, -40.3068
16520, -40.308
16530, -40.3093
16540, -40.3106
16550, -40.3119
16560, -40.3132
16570, -40.3145
16580, -40.3158
16590, -40.3171
16600, -40.3183
16610, -40.3196
16620, -40.3209
16630, -40.3222
16640, -40.3235
16650, -40.3248
16660, -40.3261
16670, -40.3274
16680, -40.3286
16690, -40.3299
16700, -40.3312
16710, -40.3325
16720, -40.3338
16730, -40.3351
16740, -40.3364
16750, -40.3377
16760, -40.3389
16770, -40.3402
16780, -40.3415
16790, -40.3428
16800, -40.3441
16810, -40.3454
16820, -40.3467
16830, -40.348
16840, -40.3492
16850, -40.3505
16860, -40.3518
16870, -40.3531
16880, -40.3544
16890, -40.3557
16900, -40.357
16910, -40.3582
16920, -40.3595
16930, -40.3608
16940, -40.3621
16950, -40.3634
16960, -40.3647
16970, -40.366
16980, -40.3673
16990, -40.3685
17000, -40.3698
17010, -40.3711
17020, -40.3724
17030, -40.3737
17040, -40.375
17050, -40.3763
17060, -40.3776
17070, -40.3788
17080, -40.3801
17090, -40.3814
17100, -40.3827
17110, -40.384
17120, -40.3853
17130, -40.3866
17140, -40.3879
17150, -40.3891
17160, -40.3904
17170, -40.3917
17180, -40.393
17190, -40.3943
17200, -40.3956
17210, -40.3969
17220, -40.3981
17230, -40.3994
17240, -40.4007
17250, -40.402
17260, -40.4033
17270, -40.4046
17280, -40.4059
17290, -40.4072
17300, -40.4084
17310, -40.4097
17320, -40.411
17330, -40.4123
17340, -40.4136
17350, -40.4149
17360, -40.4162
17370, -40.4175
17380, -40.4187
17390, -40.42
17400, -40.4213
17410, -40.4226
17420, -40.4239
17430, -40.4252
17440, -40.4265
17450, -40.4278
17460, -40.429
17470, -40.4303
17480, -40.4316
17490, -40.4329
17500, -40.4342
17510, -40.4355
17520, -40.4368
17530, -40.438
17540, -40.4393
17550, -40.4406
17560, -40.4419
17570, -40.4432
17580, -40.4445
17590, -40.4458
17600, -40.4471
17610, -40.4483
17620, -40.4496
17630, -40.4509
17640, -40.4522
17650, -40.4535
17660, -40.4548
17670, -40.4561
17680, -40.4574
17690, -40.4586
17700, -40.4599
17710, -40.4612
17720, -40.4625
17730, -40.4638
17740, -40.4651
17750, -40.4664
17760, -40.4677
17770, -40.4689
17780, -40.4702
17790, -40.4715
17800, -40.4728
17810, -40.4741
17820, -40.4754
17830, -40.4767
17840, -40.478
17850, -40.4792
17860, -40.4805
17870, -40.4818
17880, -40.4831
17890, -40.4844
17900, -40.4857
17910, -40.487
17920, -40.4882
17930, -40.4895
17940, -40.4908
17950, -40.4921
17960, -40.4934
17970, -40.4947
17980, -40.496
17990, -40.4973
18000, -40.4985
18010, -40.4998
18020, -40.5011
18030, -40.5024
18040, -40.5037
18050, -40.505
18060, -40.5063
18070, -40.5076
18080, -40.5088
18090, -40.5101
18100, -40.5114
18110, -40.5127
18120, -40.514
18130, -40.5153
18140, -40.5166
18150, -40.5179
18160, -40.5191
18170, -40.5204
18180, -40.5217
18190, -40.523
18200, -40.5243
18210, -40.5256
18220, -40.5269
18230, -40.5281
18240, -40.5294
18250, -40.5307
18260, -40.532
18270, -40.5333
18280, -40.5346
18290, -40.5359
18300, -40.5372
18310, -40.5384
18320, -40.5397
18330, -40.541
18340, -40.5423
18350, -40.5436
18360, -40.5449
18370, -40.5462
18380, -40.5475
18390, -40.5487
18400, -40.55
18410, -40.5513
18420, -40.5526
18430, -40.5539
18440, -40.5552
18450, -40.5565
18460, -40.5578
18470, -40.559
18480, -40.5603
18490, -40.5616
18500, -40.5629
18510, -40.5642
18520, -40.5655
18530, -40.5668
18540, -40.568
18550, -40.5693
18560, -40.5706
18570, -40.5719
18580, -40.5732
18590, -40.5745
18600, -40.5758
18610, -40.5771
18620, -40.5783
18630, -40.5796
18640, -40.5809
18650, -40.5822
18660, -40.5835
18670, -40.5848
18680, -40.5861
18690, -40.5874
18700, -40.5886
18710, -40.5899
18720, -40.5912
18730, -40.5925
18740, -40.5938
18750, -40.5951
18760, -40.5964
18770, -40.5977
18780, -40.5989
18790, -40.6002
18800, -40.6015
18810, -40.6028
18820, -40.6041
18830, -40.6054
18840, -40.6067
18850, -40.608
18860, -40.6092
18870, -40.6105
18880, -40.6118
18890, -40.6131
18900, -40.6144
18910, -40.6157
18920, -40.617
18930, -40.6182
18940, -40.6195
18950, -40.6208
18960, -40.6221
18970, -40.6234
18980, -40.6247
18990, -40.626
19000, -40.6273
19010, -40.6285
19020, -40.6298
19030, -40.6311
19040, -40.6324
19050, -40.6337
19060, -40.635
19070, -40.6363
19080, -40.6376
19090, -40.6388
19100, -40.6401
19110, -40.6414
19120, -40.6427
19130, -40.644
19140, -40.6453
19150, -40.6466
19160, -40.6479
19170, -40.6491
19180, -40.6504
19190, -40.6517
19200, -40.653
19210, -40.6543
19220, -40.6556
19230, -40.6569
19240, -40.6581
19250, -40.6594
19260, -40.6607
19270, -40.662
19280, -40.6633
19290, -40.6646
19300, -40.6659
19310, -40.6672
19320, -40.6684
19330, -40.6697
19340, -40.671
19350, -40.6723
19360, -40.6736
19370, -40.6749
19380, -40.6762
19390, -40.6775
19400, -40.6787
19410, -40.68
19420, -40.6813
19430, -40.6826
19440, -40.6839
19450, -40.6852
19460, -40.6865
19470, -40.6878
19480, -40.689
19490, -40.6903
19500, -40.6916
19510, -40.6929
19520, -40.6942
19530, -40.6955
19540, -40.6968
19550, -40.698
19560, -40.6993
19570, -40.7006
19580, -40.7019
19590, -40.7032
19600, -40.7045
19610, -40.7058
19620, -40.7071
19630, -40.7083
19640, -40.7096
19650, -40.7109
19660, -40.7122
19670, -40.7135
19680, -40.7148
19690, -40.7161
19700, -40.7174
19710, -40.7186
19720, -40.7199
19730, -40.7212
19740, -40.7225
19750, -40.7238
19760, -40.7251
19770, -40.7264
19780, -40.7277
19790, -40.7289
19800, -40.7302
19810, -40.7315
19820, -40.7328
19830, -40.7341
19840, -40.7354
19850, -40.7367
19860, -40.738
19870, -40.7392
19880, -40.7405
19890, -40.7418
19900, -40.7431
19910, -40.7444
19920, -40.7457
19930, -40.747
19940, -40.7482
19950, -40.7495
19960, -40.7508
19970, -40.7521
19980, -40.7534
19990, -40.7547
20000, -40.756
20010, -40.7572
20020, -40.7579
20030, -40.7585
20040, -40.7592
20050, -40.7599
20060, -40.7605
20070, -40.7612
20080, -40.7619
20090, -40.7625
20100, -40.7632
20110, -40.7639
20120, -40.7646
20130, -40.7652
20140, -40.7659
20150, -40.7666
20160, -40.7672
20170, -40.7679
20180, -40.7686
20190, -40.7692
20200, -40.7699
20210, -40.7706
20220, -40.7712
20230, -40.7719
20240, -40.7726
20250, -40.7732
20260, -40.7739
20270, -40.7746
20280, -40.7753
20290, -40.7759
20300, -40.7766
20310, -40.7773
20320, -40.7779
20330, -40.7786
20340, -40.7793
20350, -40.7799
20360, -40.7806
20370, -40.7813
20380, -40.7819
20390, -40.7826
20400, -40.7833
20410, -40.7839
20420, -40.7846
20430, -40.7853
20440, -40.786
20450, -40.7866
20460, -40.7873
20470, -40.788
20480, -40.7886
20490, -40.7893
20500, -40.79
20510, -40.7906
20520, -40.7913
20530, -40.792
20540, -40.7926
20550, -40.7933
20560, -40.794
20570, -40.7946
20580, -40.7953
20590, -40.796
20600, -40.7966
20610, -40.7973
20620, -40.798
20630, -40.7987
20640, -40.7993
20650, -40.8
20660, -40.8007
20670, -40.8013
20680, -40.802
20690, -40.8027
20700, -40.8033
20710, -40.804
20720, -40.8047
20730, -40.8053
20740, -40.806
20750, -40.8067
20760, -40.8073
20770, -40.808
20780, -40.8087
20790, -40.8094
20800, -40.81
20810, -40.8107
20820, -40.8114
20830, -40.812
20840, -40.8127
20850, -40.8134
20860, -40.814
20870, -40.8147
20880, -40.8154
20890, -40.816
20900, -40.8167
20910, -40.8174
20920, -40.818
20930, -40.8187
20940, -40.8194
20950, -40.8201
20960, -40.8207
20970, -40.8214
20980, -40.8221
20990, -40.8227
21000, -40.8234
21010, -40.8241
21020, -40.8247
21030, -40.8253
21040, -40.8259
21050, -40.8265
21060, -40.8271
21070, -40.8277
21080, -40.8283
21090, -40.8289
21100, -40.8295
21110, -40.8301
21120, -40.8307
21130, -40.8313
21140, -40.8319
21150, -40.8325
21160, -40.8331
21170, -40.8337
21180, -40.8343
21190, -40.8349
21200, -40.8355
21210, -40.8361
21220, -40.8367
21230, -40.8373
21240, -40.8379
21250, -40.8385
21260, -40.8391
21270, -40.8397
21280, -40.8403
21290, -40.8409
21300, -40.8415
21310, -40.8421
21320, -40.8427
21330, -40.8433
21340, -40.8439
21350, -40.8445
21360, -40.8451
21370, -40.8457
21380, -40.8463
21390, -40.8469
21400, -40.8475
21410, -40.8481
21420, -40.8487
21430, -40.8493
21440, -40.8499
21450, -40.8505
21460, -40.8511
21470, -40.8517
21480, -40.8523
21490, -40.8529
21500, -40.8535
21510, -40.8541
21520, -40.8547
21530, -40.8553
21540, -40.8559
21550, -40.8565
21560, -40.8571
21570, -40.8577
21580, -40.8583
21590, -40.8589
21600, -40.8595
21610, -40.8601
21620, -40.8607
21630, -40.8613
21640, -40.8619
21650, -40.8625
21660, -40.8631
21670, -40.8637
21680, -40.8643
21690, -40.8649
21700, -40.8655
21710, -40.8661
21720, -40.8667
21730, -40.8673
21740, -40.8679
21750, -40.8685
21760, -40.8691
21770, -40.8697
21780, -40.8703
21790, -40.8709
21800, -40.8715
21810, -40.8721
21820, -40.8727
21830, -40.8733
21840, -40.8739
21850, -40.8745
21860, -40.8751
21870, -40.8757
21880, -40.8763
21890, -40.8769
21900, -40.8775
21910, -40.8781
21920, -40.8787
21930, -40.8793
21940, -40.8799
21950, -40.8805
21960, -40.8811
21970, -40.8817
21980, -40.8823
21990, -40.8829
22000, -40.8835
22010, -40.8841
22020, -40.8847
22030, -40.8853
22040, -40.8859
22050, -40.8865
22060, -40.8871
22070, -40.8877
22080, -40.8883
22090, -40.8889
22100, -40.8895
22110, -40.8901
22120, -40.8907
22130, -40.8913
22140, -40.8919
22150, -40.8925
22160, -40.8931
22170, -40.8937
22180, -40.8943
22190, -40.8949
22200, -40.8955
22210, -40.8961
22220, -40.8967
22230, -40.8973
22240, -40.8979
22250, -40.8985
22260, -40.8991
22270, -40.8997
22280, -40.9003
22290, -40.9009
22300, -40.9015
22310, -40.9021
22320, -40.9027
22330, -40.9033
22340, -40.9039
22350, -40.9045
22360, -40.9051
22370, -40.9057
22380, -40.9063
22390, -40.9069
22400, -40.9075
22410, -40.9081
22420, -40.9087
22430, -40.9093
22440, -40.9099
22450, -40.9105
22460, -40.9111
22470, -40.9117
22480, -40.9123
22490, -40.9129
22500, -40.9135
22510, -40.9141
22520, -40.9147
22530, -40.9153
22540, -40.9159
22550, -40.9165
22560, -40.9171
22570, -40.9177
22580, -40.9183
22590, -40.9189
22600, -40.9195
22610, -40.9201
22620, -40.9207
22630, -40.9213
22640, -40.9219
22650, -40.9225
22660, -40.9231
22670, -40.9237
22680, -40.9243
22690, -40.9249
22700, -40.9255
22710, -40.9261
22720, -40.9267
22730, -40.9273
22740, -40.9279
22750, -40.9285
22760, -40.9291
22770, -40.9297
22780, -40.9303
22790, -40.9309
22800, -40.9315
22810, -40.9321
22820, -40.9327
22830, -40.9333
22840, -40.9339
22850, -40.9345
22860, -40.9351
22870, -40.9357
22880, -40.9363
22890, -40.9369
22900, -40.9375
22910, -40.9381
22920, -40.9387
22930, -40.9393
22940, -40.9399
22950, -40.9405
22960, -40.9411
22970, -40.9417
22980, -40.9423
22990, -40.9429
23000, -40.9435
23010, -40.9441
23020, -40.9447
23030, -40.9453
23040, -40.9459
23050, -40.9465
23060, -40.9471
23070, -40.9477
23080, -40.9483
23090, -40.9489
23100, -40.9495
23110, -40.9501
23120, -40.9507
23130, -40.9513
23140, -40.9519
23150, -40.9525
23160, -40.9531
23170, -40.9537
23180, -40.9543
23190, -40.9549
23200, -40.9555
23210, -40.9561
23220, -40.9567
23230, -40.9573
23240, -40.9579
23250, -40.9585
23260, -40.9591
23270, -40.9597
23280, -40.9603
23290, -40.9609
23300, -40.9615
23310, -40.9621
23320, -40.9627
23330, -40.9633
23340, -40.9639
23350, -40.9645
23360, -40.9651
23370, -40.9657
23380, -40.9663
23390, -40.9669
23400, -40.9675
23410, -40.9681
23420, -40.9687
23430, -40.9693
23440, -40.9699
23450, -40.9705
23460, -40.9711
23470, -40.9717
23480, -40.9723
23490, -40.9729
23500, -40.9735
23510, -40.9741
23520, -40.9747
23530, -40.9753
23540, -40.9759
23550, -40.9765
23560, -40.9771
23570, -40.9777
23580, -40.9783
23590, -40.9789
23600, -40.9795
23610, -40.9801
23620, -40.9807
23630, -40.9813
23640, -40.9819
23650, -40.9825
23660, -40.9831
23670, -40.9837
23680, -40.9843
23690, -40.9849
23700, -40.9855
23710, -40.9861
23720, -40.9867
23730, -40.9873
23740, -40.9879
23750, -40.9885
23760, -40.9891
23770, -40.9897
23780, -40.9903
23790, -40.9909
23800, -40.9915
23810, -40.9921
23820, -40.9927
23830, -40.9933
23840, -40.9939
23850, -40.9945
23860, -40.9951
23870, -40.9957
23880, -40.9963
23890, -40.9969
23900, -40.9975
23910, -40.9981
23920, -40.9987
23930, -40.9993
23940, -40.9999
23950, -41.0005
23960, -41.0011
23970, -41.0017
23980, -41.0023
23990, -41.0029
24000, -41.0035
24010, -41.0041
24020, -41.0047
24030, -41.0053
24040, -41.0059
24050, -41.0065
24060, -41.0071
24070, -41.0077
24080, -41.0083
24090, -41.0089
24100, -41.0095
24110, -41.0101
24120, -41.0107
24130, -41.0113
24140, -41.0119
24150, -41.0125
24160, -41.0131
24170, -41.0137
24180, -41.0143
24190, -41.0149
24200, -41.0155
24210, -41.0161
24220, -41.0167
24230, -41.0173
24240, -41.0179
24250, -41.0185
24260, -41.0191
24270, -41.0197
24280, -41.0203
24290, -41.0209
24300, -41.0215
24310, -41.0221
24320, -41.0227
24330, -41.0233
24340, -41.0239
24350, -41.0245
24360, -41.0251
24370, -41.0257
24380, -41.0263
24390, -41.0269
24400, -41.0275
24410, -41.0281
24420, -41.0287
24430, -41.0293
24440, -41.0299
24450, -41.0305
24460, -41.0311
24470, -41.0317
24480, -41.0323
24490, -41.0329
24500, -41.0335
24510, -41.0341
24520, -41.0347
24530, -41.0353
24540, -41.0359
24550, -41.0365
24560, -41.0371
24570, -41.0377
24580, -41.0383
24590, -41.0389
24600, -41.0395
24610, -41.0401
24620, -41.0407
24630, -41.0413
24640, -41.0419
24650, -41.0425
24660, -41.0431
24670, -41.0437
24680, -41.0443
24690, -41.0449
24700, -41.0455
24710, -41.0461
24720, -41.0467
24730, -41.0473
24740, -41.0479
24750, -41.0485
24760, -41.0491
24770, -41.0497
24780, -41.0503
24790, -41.0509
24800, -41.0515
24810, -41.0521
24820, -41.0527
24830, -41.0533
24840, -41.0539
24850, -41.0545
24860, -41.0551
24870, -41.0557
24880, -41.0563
24890, -41.0569
24900, -41.0575
24910, -41.0581
24920, -41.0587
24930, -41.0593
24940, -41.0599
24950, -41.0605
24960, -41.0611
24970, -41.0617
24980, -41.0623
24990, -41.0629
25000, -41.0635
25010, -41.0641
25020, -41.0647
25030, -41.0653
25040, -41.0659
25050, -41.0665
25060, -41.0671
25070, -41.0677
25080, -41.0683
25090, -41.0689
25100, -41.0695
25110, -41.0701
25120, -41.0707
25130, -41.0713
25140, -41.0719
25150, -41.0725
25160, -41.0731
25170, -41.0737
25180, -41.0743
25190, -41.0749
25200, -41.0755
25210, -41.0761
25220, -41.0767
25230, -41.0773
25240, -41.0779
25250, -41.0785
25260, -41.0791
25270, -41.0797
25280, -41.0803
25290, -41.0809
25300, -41.0815
25310, -41.0821
25320, -41.0827
25330, -41.0833
25340, -41.0839
25350, -41.0845
25360, -41.0851
25370, -41.0857
25380, -41.0863
25390, -41.0869
25400, -41.0875
25410, -41.0881
25420, -41.0887
25430, -41.0893
25440, -41.0899
25450, -41.0905
25460, -41.0911
25470, -41.0917
25480, -41.0923
25490, -41.0929
25500, -41.0935
25510, -41.0941
25520, -41.0947
25530, -41.0953
25540, -41.0959
25550, -41.0965
25560, -41.0971
25570, -41.0977
25580, -41.0983
25590, -41.0989
25600, -41.0995
25610, -41.1001
25620, -41.1007
25630, -41.1013
25640, -41.1019
25650, -41.1025
25660, -41.1031
25670, -41.1037
25680, -41.1043
25690, -41.1049
25700, -41.1055
25710, -41.1061
25720, -41.1067
25730, -41.1073
25740, -41.1079
25750, -41.1085
25760, -41.1091
25770, -41.1097
25780, -41.1103
25790, -41.1109
25800, -41.1115
25810, -41.1121
25820, -41.1127
25830, -41.1133
25840, -41.1139
25850, -41.1145
25860, -41.1151
25870, -41.1157
25880, -41.1163
25890, -41.1169
25900, -41.1175
25910, -41.1181
25920, -41.1187
25930, -41.1193
25940, -41.1199
25950, -41.1205
25960, -41.1211
25970, -41.1217
25980, -41.1223
25990, -41.1229
26000, -41.1235
26010, -41.1241
26020, -41.1247
26030, -41.1253
26040, -41.1259
26050, -41.1265
26060, -41.1271
26070, -41.1277
26080, -41.1283
26090, -41.1289
26100, -41.1295
26110, -41.1301
26120, -41.1307
26130, -41.1313
26140, -41.1319
26150, -41.1325
26160, -41.1331
26170, -41.1337
26180, -41.1343
26190, -41.1349
26200, -41.1355
26210, -41.1361
26220, -41.1367
26230, -41.1373
26240, -41.1379
26250, -41.1385
26260, -41.1391
26270, -41.1397
26280, -41.1403
26290, -41.1409
26300, -41.1415
26310, -41.1421
26320, -41.1427
26330, -41.1433
26340, -41.1439
26350, -41.1445
26360, -41.1451
26370, -41.1457
26380, -41.1463
26390, -41.1469
26400, -41.1475
26410, -41.1481
26420, -41.1487
26430, -41.1493
26440, -41.1499
26450, -41.1505
26460, -41.1511
26470, -41.1517
26480, -41.1523
26490, -41.1529
26500, -41.1535
26510, -41.1541
26520, -41.1547
26530, -41.1553
26540, -41.1559
26550, -41.1565
26560, -41.1571
26570, -41.1577
26580, -41.1583
26590, -41.1589
26600, -41.1595
26610, -41.1601
26620, -41.1607
26630, -41.1613
26640, -41.1619
26650, -41.1625
26660, -41.1631
26670, -41.1637
26680, -41.1643
26690, -41.1649
26700, -41.1655
26710, -41.1661
26720, -41.1667
26730, -41.1673
26740, -41.1679
26750, -41.1685
26760, -41.1691
26770, -41.1697
26780, -41.1703
26790, -41.1709
26800, -41.1715
26810, -41.1721
26820, -41.1727
26830, -41.1733
26840, -41.1739
26850, -41.1745
26860, -41.1751
26870, -41.1757
26880, -41.1763
26890, -41.1769
26900, -41.1775
26910, -41.1781
26920, -41.1787
26930, -41.1793
26940, -41.1799
26950, -41.1805
26960, -41.1811
26970, -41.1817
26980, -41.1823
26990, -41.1829
27000, -41.1835
27010, -41.1841
27020, -41.1847
27030, -41.1853
27040, -41.1859
27050, -41.1865
27060, -41.1871
27070, -41.1877
27080, -41.1883
27090, -41.1889
27100, -41.1895
27110, -41.1901
27120, -41.1907
27130, -41.1913
27140, -41.1919
27150, -41.1925
27160, -41.1931
27170, -41.1937
27180, -41.1943
27190, -41.1949
27200, -41.1955
27210, -41.1961
27220, -41.1967
27230, -41.1973
27240, -41.1979
27250, -41.1985
27260, -41.1991
27270, -41.1997
27280, -41.2003
27290, -41.2009
27300, -41.2015
27310, -41.2021
27320, -41.2027
27330, -41.2033
27340, -41.2039
27350, -41.2045
27360, -41.2051
27370, -41.2057
27380, -41.2063
27390, -41.2069
27400, -41.2075
27410, -41.2081
27420, -41.2087
27430, -41.2093
27440, -41.2099
27450, -41.2105
27460, -41.2111
27470, -41.2117
27480, -41.2123
27490, -41.2129
27500, -41.2135
27510, -41.2141
27520, -41.2147
27530, -41.2153
27540, -41.2159
27550, -41.2165
27560, -41.2171
27570, -41.2177
27580, -41.2183
27590, -41.2189
27600, -41.2195
27610, -41.2201
27620, -41.2207
27630, -41.2213
27640, -41.2219
27650, -41.2225
27660, -41.2231
27670, -41.2237
27680, -41.2243
27690, -41.2249
27700, -41.2255
27710, -41.2261
27720, -41.2267
27730, -41.2273
27740, -41.2279
27750, -41.2285
27760, -41.2291
27770, -41.2297
27780, -41.2303
27790, -41.2309
27800, -41.2315
27810, -41.2321
27820, -41.2327
27830, -41.2333
27840, -41.2339
27850, -41.2345
27860, -41.2351
27870, -41.2357
27880, -41.2363
27890, -41.2369
27900, -41.2375
27910, -41.2381
27920, -41.2387
27930, -41.2393
27940, -41.2399
27950, -41.2405
27960, -41.2411
27970, -41.2417
27980, -41.2423
27990, -41.2429
28000, -41.2435
28010, -41.2441
28020, -41.2447
28030, -41.2453
28040, -41.2459
28050, -41.2465
28060, -41.2471
28070, -41.2477
28080, -41.2483
28090, -41.2489
28100, -41.2495
28110, -41.2501
28120, -41.2507
28130, -41.2513
28140, -41.2519
28150, -41.2525
28160, -41.2531
28170, -41.2537
28180, -41.2543
28190, -41.2549
28200, -41.2555
28210, -41.2561
28220, -41.2567
28230, -41.2573
28240, -41.2579
28250, -41.2585
28260, -41.2591
28270, -41.2597
28280, -41.2603
28290, -41.2609
28300, -41.2615
28310, -41.2621
28320, -41.2627
28330, -41.2633
28340, -41.2639
28350, -41.2645
28360, -41.2651
28370, -41.2657
28380, -41.2663
28390, -41.2669
28400, -41.2675
28410, -41.2681
28420, -41.2687
28430, -41.2693
28440, -41.2699
28450, -41.2705
28460, -41.2711
28470, -41.2717
28480, -41.2723
28490, -41.2729
28500, -41.2735
28510, -41.2741
28520, -41.2747
28530, -41.2753
28540, -41.2759
28550, -41.2765
28560, -41.2771
28570, -41.2777
28580, -41.2783
28590, -41.2789
28600, -41.2795
28610, -41.2801
28620, -41.2807
28630, -41.2813
28640, -41.2819
28650, -41.2825
28660, -41.2831
28670, -41.2837
28680, -41.2843
28690, -41.2849
28700, -41.2855
28710, -41.2861
28720, -41.2867
28730, -41.2873
28740, -41.2879
28750, -41.2885
28760, -41.2891
28770, -41.2897
28780, -41.2903
28790, -41.2909
28800, -41.2915
28810, -41.2921
28820, -41.2927
28830, -41.2933
28840, -41.2939
28850, -41.2945
28860, -41.2951
28870, -41.2957
28880, -41.2963
28890, -41.2969
28900, -41.2975
28910, -41.2981
28920, -41.2987
28930, -41.2993
28940, -41.2999
28950, -41.3005
28960, -41.3011
28970, -41.3017
28980, -41.3023
28990, -41.3029
29000, -41.3035
29010, -41.3041
29020, -41.3047
29030, -41.3053
29040, -41.3059
29050, -41.3065
29060, -41.3071
29070, -41.3077
29080, -41.3083
29090, -41.3089
29100, -41.3095
29110, -41.3101
29120, -41.3107
29130, -41.3113
29140, -41.3119
29150, -41.3125
29160, -41.3131
29170, -41.3137
29180, -41.3143
29190, -41.3149
29200, -41.3155
29210, -41.3161
29220, -41.3167
29230, -41.3173
29240, -41.3179
29250, -41.3185
29260, -41.3191
29270, -41.3197
29280, -41.3203
29290, -41.3209
29300, -41.3215
29310, -41.3221
29320, -41.3227
29330, -41.3233
29340, -41.3239
29350, -41.3245
29360, -41.3251
29370, -41.3257
29380, -41.3263
29390, -41.3269
29400, -41.3275
29410, -41.3281
29420, -41.3287
29430, -41.3293
29440, -41.3299
29450, -41.3305
29460, -41.3311
29470, -41.3317
29480, -41.3323
29490, -41.3329
29500, -41.3335
29510, -41.3341
29520, -41.3347
29530, -41.3353
29540, -41.3359
29550, -41.3365
29560, -41.3371
29570, -41.3377
29580, -41.3383
29590, -41.3389
29600, -41.3395
29610, -41.3401
29620, -41.3407
29630, -41.3413
29640, -41.3419
29650, -41.3425
29660, -41.3431
29670, -41.3437
29680, -41.3443
29690, -41.3449
29700, -41.3455
29710, -41.3461
29720, -41.3467
29730, -41.3473
29740, -41.3479
29750, -41.3485
29760, -41.3491
29770, -41.3497
29780, -41.3503
29790, -41.3509
29800, -41.3515
29810, -41.3521
29820, -41.3527
29830, -41.3533
29840, -41.3539
29850, -41.3545
29860, -41.3551
29870, -41.3557
29880, -41.3563
29890, -41.3569
29900, -41.3575
29910, -41.3581
29920, -41.3587
29930, -41.3593
29940, -41.3599
29950, -41.3605
29960, -41.3611
29970, -41.3617
29980, -41.3623
29990, -41.3629
30000, -41.3635
30010, -41.3639
30020, -41.3631
30030, -41.3623
30040, -41.3614
30050, -41.3606
30060, -41.3598
30070, -41.3589
30080, -41.3581
30090, -41.3573
30100, -41.3564
30110, -41.3556
30120, -41.3548
30130, -41.3539
30140, -41.3531
30150, -41.3523
30160, -41.3515
30170, -41.3506
30180, -41.3498
30190, -41.349
30200, -41.3481
30210, -41.3473
30220, -41.3465
30230, -41.3456
30240, -41.3448
30250, -41.344
30260, -41.3431
30270, -41.3423
30280, -41.3415
30290, -41.3406
30300, -41.3398
30310, -41.339
30320, -41.3382
30330, -41.3373
30340, -41.3365
30350, -41.3357
30360, -41.3348
30370, -41.334
30380, -41.3332
30390, -41.3323
30400, -41.3315
30410, -41.3307
30420, -41.3298
30430, -41.329
30440, -41.3282
30450, -41.3273
30460, -41.3265
30470, -41.3257
30480, -41.3249
30490, -41.324
30500, -41.3232
30510, -41.3224
30520, -41.3215
30530, -41.3207
30540, -41.3199
30550, -41.319
30560, -41.3182
30570, -41.3174
30580, -41.3165
30590, -41.3157
30600, -41.3149
30610, -41.3141
30620, -41.3132
30630, -41.3124
30640, -41.3116
30650, -41.3107
30660, -41.3099
30670, -41.3091
30680, -41.3082
30690, -41.3074
30700, -41.3066
30710, -41.3057
30720, -41.3049
30730, -41.3041
30740, -41.3032
30750, -41.3024
30760, -41.3016
30770, -41.3008
30780, -41.2999
30790, -41.2991
30800, -41.2983
30810, -41.2974
30820, -41.2966
30830, -41.2958
30840, -41.2949
30850, -41.2941
30860, -41.2933
30870, -41.2924
30880, -41.2916
30890, -41.2908
30900, -41.2899
30910, -41.2891
30920, -41.2883
30930, -41.2875
30940, -41.2866
30950, -41.2858
30960, -41.285
30970, -41.2841
30980, -41.2833
30990, -41.2825
31000, -41.2816
31010, -41.2808
31020, -41.2798
31030, -41.2788
31040, -41.2778
31050, -41.2768
31060, -41.2758
31070, -41.2749
31080, -41.2739
31090, -41.2729
31100, -41.2719
31110, -41.2709
31120, -41.2699
31130, -41.2689
31140, -41.2679
31150, -41.2669
31160, -41.2659
31170, -41.265
31180, -41.264
31190, -41.263
31200, -41.262
31210, -41.261
31220, -41.26
31230, -41.259
31240, -41.258
31250, -41.257
31260, -41.256
31270, -41.255
31280, -41.2541
31290, -41.2531
31300, -41.2521
31310, -41.2511
31320, -41.2501
31330, -41.2491
31340, -41.2481
31350, -41.2471
31360, -41.2461
31370, -41.2451
31380, -41.2442
31390, -41.2432
31400, -41.2422
31410, -41.2412
31420, -41.2402
31430, -41.2392
31440, -41.2382
31450, -41.2372
31460, -41.2362
31470, -41.2352
31480, -41.2343
31490, -41.2333
31500, -41.2323
31510, -41.2313
31520, -41.2303
31530, -41.2293
31540, -41.2283
31550, -41.2273
31560, -41.2263
31570, -41.2253
31580, -41.2244
31590, -41.2234
31600, -41.2224
31610, -41.2214
31620, -41.2204
31630, -41.2194
31640, -41.2184
31650, -41.2174
31660, -41.2164
31670, -41.2154
31680, -41.2145
31690, -41.2135
31700, -41.2125
31710, -41.2115
31720, -41.2105
31730, -41.2095
31740, -41.2085
31750, -41.2075
31760, -41.2065
31770, -41.2055
31780, -41.2046
31790, -41.2036
31800, -41.2026
31810, -41.2016
31820, -41.2006
31830, -41.1996
31840, -41.1986
31850, -41.1976
31860, -41.1966
31870, -41.1956
31880, -41.1947
31890, -41.1937
31900, -41.1927
31910, -41.1917
31920, -41.1907
31930, -41.1897
31940, -41.1887
31950, -41.1877
31960, -41.1867
31970, -41.1857
31980, -41.1848
31990, -41.1838
32000, -41.1828
32010, -41.1818
32020, -41.1808
32030, -41.1798
32040, -41.1788
32050, -41.1778
32060, -41.1768
32070, -41.1758
32080, -41.1749
32090, -41.1739
32100, -41.1729
32110, -41.1719
32120, -41.1709
32130, -41.1699
32140, -41.1689
32150, -41.1679
32160, -41.1669
32170, -41.1659
32180, -41.165
32190, -41.164
32200, -41.163
32210, -41.162
32220, -41.161
32230, -41.16
32240, -41.159
32250, -41.158
32260, -41.157
32270, -41.156
32280, -41.155
32290, -41.1541
32300, -41.1531
32310, -41.1521
32320, -41.1511
32330, -41.1501
32340, -41.1491
32350, -41.1481
32360, -41.1471
32370, -41.1461
32380, -41.1451
32390, -41.1442
32400, -41.1432
32410, -41.1422
32420, -41.1412
32430, -41.1402
32440, -41.1392
32450, -41.1382
32460, -41.1372
32470, -41.1362
32480, -41.1352
32490, -41.1343
32500, -41.1333
32510, -41.1323
32520, -41.1313
32530, -41.1303
32540, -41.1293
32550, -41.1283
32560, -41.1273
32570, -41.1263
32580, -41.1253
32590, -41.1244
32600, -41.1234
32610, -41.1224
32620, -41.1214
32630, -41.1204
32640, -41.1194
32650, -41.1184
32660, -41.1174
32670, -41.1164
32680, -41.1154
32690, -41.1145
32700, -41.1135
32710, -41.1125
32720, -41.1115
32730, -41.1105
32740, -41.1095
32750, -41.1085
32760, -41.1075
32770, -41.1065
32780, -41.1055
32790, -41.1046
32800, -41.1036
32810, -41.1026
32820, -41.1016
32830, -41.1006
32840, -41.0996
32850, -41.0986
32860, -41.0976
32870, -41.0966
32880, -41.0956
32890, -41.0947
32900, -41.0937
32910, -41.0927
32920, -41.0917
32930, -41.0907
32940, -41.0897
32950, -41.0887
32960, -41.0877
32970, -41.0867
32980, -41.0857
32990, -41.0848
33000, -41.0838
33010, -41.0828
33020, -41.0818
33030, -41.0808
33040, -41.0798
33050, -41.0788
33060, -41.0778
33070, -41.0768
33080, -41.0758
33090, -41.0749
33100, -41.0739
33110, -41.0729
33120, -41.0719
33130, -41.0709
33140, -41.0699
33150, -41.0689
33160, -41.0679
33170, -41.0669
33180, -41.0659
33190, -41.065
33200, -41.064
33210, -41.063
33220, -41.062
33230, -41.061
33240, -41.06
33250, -41.059
33260, -41.058
33270, -41.057
33280, -41.056
33290, -41.055
33300, -41.0541
33310, -41.0531
33320, -41.0521
33330, -41.0511
33340, -41.0501
33350, -41.0491
33360, -41.0481
33370, -41.0471
33380, -41.0461
33390, -41.0451
33400, -41.0442
33410, -41.0432
33420, -41.0422
33430, -41.0412
33440, -41.0402
33450, -41.0392
33460, -41.0382
33470, -41.0372
33480, -41.0362
33490, -41.0352
33500, -41.0343
33510, -41.0333
33520, -41.0323
33530, -41.0313
33540, -41.0303
33550, -41.0293
33560, -41.0283
33570, -41.0273
33580, -41.0263
33590, -41.0253
33600, -41.0244
33610, -41.0234
33620, -41.0224
33630, -41.0214
33640, -41.0204
33650, -41.0194
33660, -41.0184
33670, -41.0174
33680, -41.0164
33690, -41.0154
33700, -41.0145
33710, -41.0135
33720, -41.0125
33730, -41.0115
33740, -41.0105
33750, -41.0095
33760, -41.0085
33770, -41.0075
33780, -41.0065
33790, -41.0055
33800, -41.0046
33810, -41.0036
33820, -41.0026
33830, -41.0016
33840, -41.0006
33850, -40.9996
33860, -40.9986
33870, -40.9976
33880, -40.9966
33890, -40.9956
33900, -40.9947
33910, -40.9937
33920, -40.9927
33930, -40.9917
33940, -40.9907
33950, -40.9897
33960, -40.9887
33970, -40.9877
33980, -40.9867
33990, -40.9857
34000, -40.9848
34010, -40.9838
34020, -40.9828
34030, -40.9818
34040, -40.9808
34050, -40.9798
34060, -40.9788
34070, -40.9778
34080, -40.9768
34090, -40.9758
34100, -40.9749
34110, -40.9739
34120, -40.9729
34130, -40.9719
34140, -40.9709
34150, -40.9699
34160, -40.9689
34170, -40.9679
34180, -40.9669
34190, -40.9659
34200, -40.965
34210, -40.964
34220, -40.963
34230, -40.962
34240, -40.961
34250, -40.96
34260, -40.959
34270, -40.958
34280, -40.957
34290, -40.956
34300, -40.955
34310, -40.9541
34320, -40.9531
34330, -40.9521
34340, -40.9511
34350, -40.9501
34360, -40.9491
34370, -40.9481
34380, -40.9471
34390, -40.9461
34400, -40.9451
34410, -40.9442
34420, -40.9432
34430, -40.9422
34440, -40.9412
34450, -40.9402
34460, -40.9392
34470, -40.9382
34480, -40.9372
34490, -40.9362
34500, -40.9352
34510, -40.9343
34520, -40.9333
34530, -40.9323
34540, -40.9313
34550, -40.9303
34560, -40.9293
34570, -40.9283
34580, -40.9273
34590, -40.9263
34600, -40.9253
34610, -40.9244
34620, -40.9234
34630, -40.9224
34640, -40.9214
34650, -40.9204
34660, -40.9194
34670, -40.9184
34680, -40.9174
34690, -40.9164
34700, -40.9154
34710, -40.9145
34720, -40.9135
34730, -40.9125
34740, -40.9115
34750, -40.9105
34760, -40.9095
34770, -40.9085
34780, -40.9075
34790, -40.9065
34800, -40.9055
34810, -40.9046
34820, -40.9036
34830, -40.9026
34840, -40.9016
34850, -40.9006
34860, -40.8996
34870, -40.8986
34880, -40.8976
34890, -40.8966
34900, -40.8956
34910, -40.8947
34920, -40.8937
34930, -40.8927
34940, -40.8917
34950, -40.8907
34960, -40.8897
34970, -40.8887
34980, -40.8877
34990, -40.8867
35000, -40.8857
35010, -40.8848
35020, -40.8838
35030, -40.8828
35040, -40.8818
35050, -40.8808
35060, -40.8798
35070, -40.8788
35080, -40.8778
35090, -40.8768
35100, -40.8758
35110, -40.8749
35120, -40.8739
35130, -40.8729
35140, -40.8719
35150, -40.8709
35160, -40.8699
35170, -40.8689
35180, -40.8679
35190, -40.8669
35200, -40.8659
35210, -40.865
35220, -40.864
35230, -40.863
35240, -40.862
35250, -40.861
35260, -40.86
35270, -40.859
35280, -40.858
35290, -40.857
35300, -40.856
35310, -40.855
35320, -40.8541
35330, -40.8531
35340, -40.8521
35350, -40.8511
35360, -40.8501
35370, -40.8491
35380, -40.8481
35390, -40.8471
35400, -40.8461
35410, -40.8451
35420, -40.8442
35430, -40.8432
35440, -40.8422
35450, -40.8412
35460, -40.8402
35470, -40.8392
35480, -40.8382
35490, -40.8372
35500, -40.8362
35510, -40.8352
35520, -40.8343
35530, -40.8333
35540, -40.8323
35550, -40.8313
35560, -40.8303
35570, -40.8293
35580, -40.8283
35590, -40.8273
35600, -40.8263
35610, -40.8253
35620, -40.8244
35630, -40.8234
35640, -40.8224
35650, -40.8214
35660, -40.8204
35670, -40.8194
35680, -40.8184
35690, -40.8174
35700, -40.8164
35710, -40.8154
35720, -40.8145
35730, -40.8135
35740, -40.8125
35750, -40.8115
35760, -40.8105
35770, -40.8095
35780, -40.8085
35790, -40.8075
35800, -40.8065
35810, -40.8055
35820, -40.8046
35830, -40.8036
35840, -40.8026
35850, -40.8016
35860, -40.8006
35870, -40.7996
35880, -40.7986
35890, -40.7976
35900, -40.7966
35910, -40.7956
35920, -40.7947
35930, -40.7937
35940, -40.7927
35950, -40.7917
35960, -40.7907
35970, -40.7897
35980, -40.7887
35990, -40.7877
36000, -40.7867
36010, -40.7857
36020, -40.7848
36030, -40.7838
36040, -40.7828
36050, -40.7818
36060, -40.7808
36070, -40.7798
36080, -40.7788
36090, -40.7778
36100, -40.7768
36110, -40.7758
36120, -40.7749
36130, -40.7739
36140, -40.7729
36150, -40.7719
36160, -40.7709
36170, -40.7699
36180, -40.7689
36190, -40.7679
36200, -40.7669
36210, -40.7659
36220, -40.765
36230, -40.764
36240, -40.763
36250, -40.762
36260, -40.761
36270, -40.76
36280, -40.759
36290, -40.758
36300, -40.757
36310, -40.756
36320, -40.755
36330, -40.7541
36340, -40.7531
36350, -40.7521
36360, -40.7511
36370, -40.7501
36380, -40.7491
36390, -40.7481
36400, -40.7471
36410, -40.7461
36420, -40.7451
36430, -40.7442
36440, -40.7432
36450, -40.7422
36460, -40.7412
36470, -40.7402
36480, -40.7392
36490, -40.7382
36500, -40.7372
36510, -40.7362
36520, -40.7352
36530, -40.7343
36540, -40.7333
36550, -40.7323
36560, -40.7313
36570, -40.7303
36580, -40.7293
36590, -40.7283
36600, -40.7273
36610, -40.7263
36620, -40.7253
36630, -40.7244
36640, -40.7234
36650, -40.7224
36660, -40.7214
36670, -40.7204
36680, -40.7194
36690, -40.7184
36700, -40.7174
36710, -40.7164
36720, -40.7154
36730, -40.7145
36740, -40.7135
36750, -40.7125
36760, -40.7115
36770, -40.7105
36780, -40.7095
36790, -40.7085
36800, -40.7075
36810, -40.7065
36820, -40.7055
36830, -40.7046
36840, -40.7036
36850, -40.7026
36860, -40.7016
36870, -40.7006
36880, -40.6996
36890, -40.6986
36900, -40.6976
36910, -40.6966
36920, -40.6956
36930, -40.6947
36940, -40.6937
36950, -40.6927
36960, -40.6917
36970, -40.6907
36980, -40.6897
36990, -40.6887
37000, -40.6877
37010, -40.6867
37020, -40.6857
37030, -40.6848
37040, -40.6838
37050, -40.6828
37060, -40.6818
37070, -40.6808
37080, -40.6798
37090, -40.6788
37100, -40.6778
37110, -40.6768
37120, -40.6758
37130, -40.6749
37140, -40.6739
37150, -40.6729
37160, -40.6719
37170, -40.6709
37180, -40.6699
37190, -40.6689
37200, -40.6679
37210, -40.6669
37220, -40.6659
37230, -40.665
37240, -40.664
37250, -40.663
37260, -40.662
37270, -40.661
37280, -40.66
37290, -40.659
37300, -40.658
37310, -40.657
37320, -40.656
37330, -40.655
37340, -40.6541
37350, -40.6531
37360, -40.6521
37370, -40.6511
37380, -40.6501
37390, -40.6491
37400, -40.6481
37410, -40.6471
37420, -40.6461
37430, -40.6451
37440, -40.6442
37450, -40.6432
37460, -40.6422
37470, -40.6412
37480, -40.6402
37490, -40.6392
37500, -40.6382
37510, -40.6372
37520, -40.6362
37530, -40.6352
37540, -40.6343
37550, -40.6333
37560, -40.6323
37570, -40.6313
37580, -40.6303
37590, -40.6293
37600, -40.6283
37610, -40.6273
37620, -40.6263
37630, -40.6253
37640, -40.6244
37650, -40.6234
37660, -40.6224
37670, -40.6214
37680, -40.6204
37690, -40.6194
37700, -40.6184
37710, -40.6174
37720, -40.6164
37730, -40.6154
37740, -40.6145
37750, -40.6135
37760, -40.6125
37770, -40.6115
37780, -40.6105
37790, -40.6095
37800, -40.6085
37810, -40.6075
37820, -40.6065
37830, -40.6055
37840, -40.6046
37850, -40.6036
37860, -40.6026
37870, -40.6016
37880, -40.6006
37890, -40.5996
37900, -40.5986
37910, -40.5976
37920, -40.5966
37930, -40.5956
37940, -40.5947
37950, -40.5937
37960, -40.5927
37970, -40.5917
37980, -40.5907
37990, -40.5897
38000, -40.5887
38010, -40.5877
38020, -40.5867
38030, -40.5857
38040, -40.5848
38050, -40.5838
38060, -40.5828
38070, -40.5818
38080, -40.5808
38090, -40.5798
38100, -40.5788
38110, -40.5778
38120, -40.5768
38130, -40.5758
38140, -40.5749
38150, -40.5739
38160, -40.5729
38170, -40.5719
38180, -40.5709
38190, -40.5699
38200, -40.5689
38210, -40.5679
38220, -40.5669
38230, -40.5659
38240, -40.565
38250, -40.564
38260, -40.563
38270, -40.562
38280, -40.561
38290, -40.56
38300, -40.559
38310, -40.558
38320, -40.557
38330, -40.556
38340, -40.555
38350, -40.5541
38360, -40.5531
38370, -40.5521
38380, -40.5511
38390, -40.5501
38400, -40.5491
38410, -40.5481
38420, -40.5471
38430, -40.5461
38440, -40.5451
38450, -40.5442
38460, -40.5432
38470, -40.5422
38480, -40.5412
38490, -40.5402
38500, -40.5392
38510, -40.5382
38520, -40.5372
38530, -40.5362
38540, -40.5352
38550, -40.5343
38560, -40.5333
38570, -40.5323
38580, -40.5313
38590, -40.5303
38600, -40.5293
38610, -40.5283
38620, -40.5273
38630, -40.5263
38640, -40.5253
38650, -40.5244
38660, -40.5234
38670, -40.5224
38680, -40.5214
38690, -40.5204
38700, -40.5194
38710, -40.5184
38720, -40.5174
38730, -40.5164
38740, -40.5154
38750, -40.5145
38760, -40.5135
38770, -40.5125
38780, -40.5115
38790, -40.5105
38800, -40.5095
38810, -40.5085
38820, -40.5075
38830, -40.5065
38840, -40.5055
38850, -40.5046
38860, -40.5036
38870, -40.5026
38880, -40.5016
38890, -40.5006
38900, -40.4996
38910, -40.4986
38920, -40.4976
38930, -40.4966
38940, -40.4956
38950, -40.4947
38960, -40.4937
38970, -40.4927
38980, -40.4917
38990, -40.4907
39000, -40.4897
39010, -40.4887
39020, -40.4877
39030, -40.4867
39040, -40.4857
39050, -40.4848
39060, -40.4838
39070, -40.4828
39080, -40.4818
39090, -40.4808
39100, -40.4798
39110, -40.4788
39120, -40.4778
39130, -40.4768
39140, -40.4758
39150, -40.4749
39160, -40.4739
39170, -40.4729
39180, -40.4719
39190, -40.4709
39200, -40.4699
39210, -40.4689
39220, -40.4679
39230, -40.4669
39240, -40.4659
39250, -40.465
39260, -40.464
39270, -40.463
39280, -40.462
39290, -40.461
39300, -40.46
39310, -40.459
39320, -40.458
39330, -40.457
39340, -40.456
39350, -40.455
39360, -40.4541
39370, -40.4531
39380, -40.4521
39390, -40.4511
39400, -40.4501
39410, -40.4491
39420, -40.4481
39430, -40.4471
39440, -40.4461
39450, -40.4451
39460, -40.4442
39470, -40.4432
39480, -40.4422
39490, -40.4412
39500, -40.4402
39510, -40.4392
39520, -40.4382
39530, -40.4372
39540, -40.4362
39550, -40.4352
39560, -40.4343
39570, -40.4333
39580, -40.4323
39590, -40.4313
39600, -40.4303
39610, -40.4293
39620, -40.4283
39630, -40.4273
39640, -40.4263
39650, -40.4253
39660, -40.4244
39670, -40.4234
39680, -40.4224
39690, -40.4214
39700, -40.4204
39710, -40.4194
39720, -40.4184
39730, -40.4174
39740, -40.4164
39750, -40.4154
39760, -40.4145
39770, -40.4135
39780, -40.4125
39790, -40.4115
39800, -40.4105
39810, -40.4095
39820, -40.4085
39830, -40.4075
39840, -40.4065
39850, -40.4055
39860, -40.4046
39870, -40.4036
39880, -40.4026
39890, -40.4016
39900, -40.4006
39910, -40.3996
39920, -40.3986
39930, -40.3976
39940, -40.3966
39950, -40.3956
39960, -40.3947
39970, -40.3937
39980, -40.3927
39990, -40.3917
40000, -40.3907
40010, -40.3898
40020, -40.3899
40030, -40.3901
40040, -40.3902
40050, -40.3903
40060, -40.3904
40070, -40.3905
40080, -40.3907
40090, -40.3908
40100, -40.3909
40110, -40.391
40120, -40.3912
40130, -40.3913
40140, -40.3914
40150, -40.3915
40160, -40.3916
40170, -40.3918
40180, -40.3919
40190, -40.392
40200, -40.3921
40210, -40.3923
40220, -40.3924
40230, -40.3925
40240, -40.3926
40250, -40.3927
40260, -40.3929
40270, -40.393
40280, -40.3931
40290, -40.3932
40300, -40.3934
40310, -40.3935
40320, -40.3936
40330, -40.3937
40340, -40.3938
40350, -40.394
40360, -40.3941
40370, -40.3942
40380, -40.3943
40390, -40.3944
40400, -40.3946
40410, -40.3947
40420, -40.3948
40430, -40.3949
40440, -40.3951
40450, -40.3952
40460, -40.3953
40470, -40.3954
40480, -40.3955
40490, -40.3957
40500, -40.3958
40510, -40.3959
40520, -40.396
40530, -40.3962
40540, -40.3963
40550, -40.3964
40560, -40.3965
40570, -40.3966
40580, -40.3968
40590, -40.3969
40600, -40.397
40610, -40.3971
40620, -40.3973
40630, -40.3974
40640, -40.3975
40650, -40.3976
40660, -40.3977
40670, -40.3979
40680, -40.398
40690, -40.3981
40700, -40.3982
40710, -40.3984
40720, -40.3985
40730, -40.3986
40740, -40.3987
40750, -40.3988
40760, -40.399
40770, -40.3991
40780, -40.3992
40790, -40.3993
40800, -40.3995
40810, -40.3996
40820, -40.3997
40830, -40.3998
40840, -40.3999
40850, -40.4001
40860, -40.4002
40870, -40.4003
40880, -40.4004
40890, -40.4005
40900, -40.4007
40910, -40.4008
40920, -40.4009
40930, -40.401
40940, -40.4012
40950, -40.4013
40960, -40.4014
40970, -40.4015
40980, -40.4016
40990, -40.4018
41000, -40.4019
41010, -40.402
41020, -40.4024
41030, -40.4028
41040, -40.4032
41050, -40.4036
41060, -40.404
41070, -40.4044
41080, -40.4048
41090, -40.4052
41100, -40.4056
41110, -40.406
41120, -40.4064
41130, -40.4068
41140, -40.4072
41150, -40.4076
41160, -40.408
41170, -40.4084
41180, -40.4088
41190, -40.4092
41200, -40.4096
41210, -40.41
41220, -40.4104
41230, -40.4108
41240, -40.4112
41250, -40.4116
41260, -40.412
41270, -40.4124
41280, -40.4128
41290, -40.4132
41300, -40.4136
41310, -40.414
41320, -40.4144
41330, -40.4148
41340, -40.4152
41350, -40.4156
41360, -40.416
41370, -40.4164
41380, -40.4168
41390, -40.4172
41400, -40.4176
41410, -40.418
41420, -40.4184
41430, -40.4188
41440, -40.4192
41450, -40.4196
41460, -40.42
41470, -40.4204
41480, -40.4208
41490, -40.4212
41500, -40.4216
41510, -40.422
41520, -40.4224
41530, -40.4228
41540, -40.4232
41550, -40.4236
41560, -40.424
41570, -40.4244
41580, -40.4248
41590, -40.4252
41600, -40.4256
41610, -40.426
41620, -40.4264
41630, -40.4268
41640, -40.4272
41650, -40.4276
41660, -40.428
41670, -40.4284
41680, -40.4288
41690, -40.4292
41700, -40.4296
41710, -40.43
41720, -40.4304
41730, -40.4308
41740, -40.4312
41750, -40.4316
41760, -40.432
41770, -40.4324
41780, -40.4328
41790, -40.4332
41800, -40.4336
41810, -40.434
41820, -40.4344
41830, -40.4348
41840, -40.4352
41850, -40.4356
41860, -40.436
41870, -40.4364
41880, -40.4368
41890, -40.4372
41900, -40.4376
41910, -40.438
41920, -40.4384
41930, -40.4388
41940, -40.4392
41950, -40.4396
41960, -40.44
41970, -40.4404
41980, -40.4408
41990, -40.4412
42000, -40.4416
42010, -40.442
42020, -40.4424
42030, -40.4428
42040, -40.4432
42050, -40.4436
42060, -40.444
42070, -40.4444
42080, -40.4448
42090, -40.4452
42100, -40.4456
42110, -40.446
42120, -40.4464
42130, -40.4468
42140, -40.4472
42150, -40.4476
42160, -40.448
42170, -40.4484
42180, -40.4488
42190, -40.4492
42200, -40.4496
42210, -40.45
42220, -40.4504
42230, -40.4508
42240, -40.4512
42250, -40.4516
42260, -40.452
42270, -40.4524
42280, -40.4528
42290, -40.4532
42300, -40.4536
42310, -40.454
42320, -40.4544
42330, -40.4548
42340, -40.4552
42350, -40.4556
42360, -40.456
42370, -40.4564
42380, -40.4568
42390, -40.4572
42400, -40.4576
42410, -40.458
42420, -40.4584
42430, -40.4588
42440, -40.4592
42450, -40.4596
42460, -40.46
42470, -40.4604
42480, -40.4608
42490, -40.4612
42500, -40.4616
42510, -40.462
42520, -40.4624
42530, -40.4628
42540, -40.4632
42550, -40.4636
42560, -40.464
42570, -40.4644
42580, -40.4648
42590, -40.4652
42600, -40.4656
42610, -40.466
42620, -40.4664
42630, -40.4668
42640, -40.4672
42650, -40.4676
42660, -40.468
42670, -40.4684
42680, -40.4688
42690, -40.4692
42700, -40.4696
42710, -40.47
42720, -40.4704
42730, -40.4708
42740, -40.4712
42750, -40.4716
42760, -40.472
42770, -40.4724
42780, -40.4728
42790, -40.4732
42800, -40.4736
42810, -40.474
42820, -40.4744
42830, -40.4748
42840, -40.4752
42850, -40.4756
42860, -40.476
42870, -40.4764
42880, -40.4768
42890, -40.4772
42900, -40.4776
42910, -40.478
42920, -40.4784
42930, -40.4788
42940, -40.4792
42950, -40.4796
42960, -40.48
42970, -40.4804
42980, -40.4808
42990, -40.4812
43000, -40.4816
43010, -40.482
43020, -40.4824
43030, -40.4828
43040, -40.4832
43050, -40.4836
43060, -40.484
43070, -40.4844
43080, -40.4848
43090, -40.4852
43100, -40.4856
43110, -40.486
43120, -40.4864
43130, -40.4868
43140, -40.4872
43150, -40.4876
43160, -40.488
43170, -40.4884
43180, -40.4888
43190, -40.4892
43200, -40.4896
43210, -40.49
43220, -40.4904
43230, -40.4908
43240, -40.4912
43250, -40.4916
43260, -40.492
43270, -40.4924
43280, -40.4928
43290, -40.4932
43300, -40.4936
43310, -40.494
43320, -40.4944
43330, -40.4948
43340, -40.4952
43350, -40.4956
43360, -40.496
43370, -40.4964
43380, -40.4968
43390, -40.4972
43400, -40.4976
43410, -40.498
43420, -40.4984
43430, -40.4988
43440, -40.4992
43450, -40.4996
43460, -40.5
43470, -40.5004
43480, -40.5008
43490, -40.5012
43500, -40.5016
43510, -40.502
43520, -40.5024
43530, -40.5028
43540, -40.5032
43550, -40.5036
43560, -40.504
43570, -40.5044
43580, -40.5048
43590, -40.5052
43600, -40.5056
43610, -40.506
43620, -40.5064
43630, -40.5068
43640, -40.5072
43650, -40.5076
43660, -40.508
43670, -40.5084
43680, -40.5088
43690, -40.5092
43700, -40.5096
43710, -40.51
43720, -40.5104
43730, -40.5108
43740, -40.5112
43750, -40.5116
43760, -40.512
43770, -40.5124
43780, -40.5128
43790, -40.5132
43800, -40.5136
43810, -40.514
43820, -40.5144
43830, -40.5148
43840, -40.5152
43850, -40.5156
43860, -40.516
43870, -40.5164
43880, -40.5168
43890, -40.5172
43900, -40.5176
43910, -40.518
43920, -40.5184
43930, -40.5188
43940, -40.5192
43950, -40.5196
43960, -40.52
43970, -40.5204
43980, -40.5208
43990, -40.5212
44000, -40.5216
44010, -40.522
44020, -40.5224
44030, -40.5228
44040, -40.5232
44050, -40.5236
44060, -40.524
44070, -40.5244
44080, -40.5248
44090, -40.5252
44100, -40.5256
44110, -40.526
44120, -40.5264
44130, -40.5268
44140, -40.5272
44150, -40.5276
44160, -40.528
44170, -40.5284
44180, -40.5288
44190, -40.5292
44200, -40.5296
44210, -40.53
44220, -40.5304
44230, -40.5308
44240, -40.5312
44250, -40.5316
44260, -40.532
44270, -40.5324
44280, -40.5328
44290, -40.5332
44300, -40.5336
44310, -40.534
44320, -40.5344
44330, -40.5348
44340, -40.5352
44350, -40.5356
44360, -40.536
44370, -40.5364
44380, -40.5368
44390, -40.5372
44400, -40.5376
44410, -40.538
44420, -40.5384
44430, -40.5388
44440, -40.5392
44450, -40.5396
44460, -40.54
44470, -40.5404
44480, -40.5408
44490, -40.5412
44500, -40.5416
44510, -40.542
44520, -40.5424
44530, -40.5428
44540, -40.5432
44550, -40.5436
44560, -40.544
44570, -40.5444
44580, -40.5448
44590, -40.5452
44600, -40.5456
44610, -40.546
44620, -40.5464
44630, -40.5468
44640, -40.5472
44650, -40.5476
44660, -40.548
44670, -40.5484
44680, -40.5488
44690, -40.5492
44700, -40.5496
44710, -40.55
44720, -40.5504
44730, -40.5508
44740, -40.5512
44750, -40.5516
44760, -40.552
44770, -40.5524
44780, -40.5528
44790, -40.5532
44800, -40.5536
44810, -40.554
44820, -40.5544
44830, -40.5548
44840, -40.5552
44850, -40.5556
44860, -40.556
44870, -40.5564
44880, -40.5568
44890, -40.5572
44900, -40.5576
44910, -40.558
44920, -40.5584
44930, -40.5588
44940, -40.5592
44950, -40.5596
44960, -40.56
44970, -40.5604
44980, -40.5608
44990, -40.5612
45000, -40.5616
45010, -40.562
45020, -40.5624
45030, -40.5628
45040, -40.5632
45050, -40.5636
45060, -40.564
45070, -40.5644
45080, -40.5648
45090, -40.5652
45100, -40.5656
45110, -40.566
45120, -40.5664
45130, -40.5668
45140, -40.5672
45150, -40.5676
45160, -40.568
45170, -40.5684
45180, -40.5688
45190, -40.5692
45200, -40.5696
45210, -40.57
45220, -40.5704
45230, -40.5708
45240, -40.5712
45250, -40.5716
45260, -40.572
45270, -40.5724
45280, -40.5728
45290, -40.5732
45300, -40.5736
45310, -40.574
45320, -40.5744
45330, -40.5748
45340, -40.5752
45350, -40.5756
45360, -40.576
45370, -40.5764
45380, -40.5768
45390, -40.5772
45400, -40.5776
45410, -40.578
45420, -40.5784
45430, -40.5788
45440, -40.5792
45450, -40.5796
45460, -40.58
45470, -40.5804
45480, -40.5808
45490, -40.5812
45500, -40.5816
45510, -40.582
45520, -40.5824
45530, -40.5828
45540, -40.5832
45550, -40.5836
45560, -40.584
45570, -40.5844
45580, -40.5848
45590, -40.5852
45600, -40.5856
45610, -40.586
45620, -40.5864
45630, -40.5868
45640, -40.5872
45650, -40.5876
45660, -40.588
45670, -40.5884
45680, -40.5888
45690, -40.5892
45700, -40.5896
45710, -40.59
45720, -40.5904
45730, -40.5908
45740, -40.5912
45750, -40.5916
45760, -40.592
45770, -40.5924
45780, -40.5928
45790, -40.5932
45800, -40.5936
45810, -40.594
45820, -40.5944
45830, -40.5948
45840, -40.5952
45850, -40.5956
45860, -40.596
45870, -40.5964
45880, -40.5968
45890, -40.5972
45900, -40.5976
45910, -40.598
45920, -40.5984
45930, -40.5988
45940, -40.5992
45950, -40.5996
45960, -40.6
45970, -40.6004
45980, -40.6008
45990, -40.6012
46000, -40.6016
46010, -40.602
46020, -40.6024
46030, -40.6028
46040, -40.6032
46050, -40.6036
46060, -40.604
46070, -40.6044
46080, -40.6048
46090, -40.6052
46100, -40.6056
46110, -40.606
46120, -40.6064
46130, -40.6068
46140, -40.6072
46150, -40.6076
46160, -40.608
46170, -40.6084
46180, -40.6088
46190, -40.6092
46200, -40.6096
46210, -40.61
46220, -40.6104
46230, -40.6108
46240, -40.6112
46250, -40.6116
46260, -40.612
46270, -40.6124
46280, -40.6128
46290, -40.6132
46300, -40.6136
46310, -40.614
46320, -40.6144
46330, -40.6148
46340, -40.6152
46350, -40.6156
46360, -40.616
46370, -40.6164
46380, -40.6168
46390, -40.6172
46400, -40.6176
46410, -40.618
46420, -40.6184
46430, -40.6188
46440, -40.6192
46450, -40.6196
46460, -40.62
46470, -40.6204
46480, -40.6208
46490, -40.6212
46500, -40.6216
46510, -40.622
46520, -40.6224
46530, -40.6228
46540, -40.6232
46550, -40.6236
46560, -40.624
46570, -40.6244
46580, -40.6248
46590, -40.6252
46600, -40.6256
46610, -40.626
46620, -40.6264
46630, -40.6268
46640, -40.6272
46650, -40.6276
46660, -40.628
46670, -40.6284
46680, -40.6288
46690, -40.6292
46700, -40.6296
46710, -40.63
46720, -40.6304
46730, -40.6308
46740, -40.6312
46750, -40.6316
46760, -40.632
46770, -40.6324
46780, -40.6328
46790, -40.6332
46800, -40.6336
46810, -40.634
46820, -40.6344
46830, -40.6348
46840, -40.6352
46850, -40.6356
46860, -40.636
46870, -40.6364
46880, -40.6368
46890, -40.6372
46900, -40.6376
46910, -40.638
46920, -40.6384
46930, -40.6388
46940, -40.6392
46950, -40.6396
46960, -40.64
46970, -40.6404
46980, -40.6408
46990, -40.6412
47000, -40.6416
47010, -40.642
47020, -40.6424
47030, -40.6428
47040, -40.6432
47050, -40.6436
47060, -40.644
47070, -40.6444
47080, -40.6448
47090, -40.6452
47100, -40.6456
47110, -40.646
47120, -40.6464
47130, -40.6468
47140, -40.6472
47150, -40.6476
47160, -40.648
47170, -40.6484
47180, -40.6488
47190, -40.6492
47200, -40.6496
47210, -40.65
47220, -40.6504
47230, -40.6508
47240, -40.6512
47250, -40.6516
47260, -40.652
47270, -40.6524
47280, -40.6528
47290, -40.6532
47300, -40.6536
47310, -40.654
47320, -40.6544
47330, -40.6548
47340, -40.6552
47350, -40.6556
47360, -40.656
47370, -40.6564
47380, -40.6568
47390, -40.6572
47400, -40.6576
47410, -40.658
47420, -40.6584
47430, -40.6588
47440, -40.6592
47450, -40.6596
47460, -40.66
47470, -40.6604
47480, -40.6608
47490, -40.6612
47500, -40.6616
47510, -40.662
47520, -40.6624
47530, -40.6628
47540, -40.6632
47550, -40.6636
47560, -40.664
47570, -40.6644
47580, -40.6648
47590, -40.6652
47600, -40.6656
47610, -40.666
47620, -40.6664
47630, -40.6668
47640, -40.6672
47650, -40.6676
47660, -40.668
47670, -40.6684
47680, -40.6688
47690, -40.6692
47700, -40.6696
47710, -40.67
47720, -40.6704
47730, -40.6708
47740, -40.6712
47750, -40.6716
47760, -40.672
47770, -40.6724
47780, -40.6728
47790, -40.6732
47800, -40.6736
47810, -40.674
47820, -40.6744
47830, -40.6748
47840, -40.6752
47850, -40.6756
47860, -40.676
47870, -40.6764
47880, -40.6768
47890, -40.6772
47900, -40.6776
47910, -40.678
47920, -40.6784
47930, -40.6788
47940, -40.6792
47950, -40.6796
47960, -40.68
47970, -40.6804
47980, -40.6808
47990, -40.6812
48000, -40.6816
48010, -40.6823
48020, -40.6858
48030, -40.6892
48040, -40.6927
48050, -40.6961
48060, -40.6996
48070, -40.703
48080, -40.7065
48090, -40.7099
48100, -40.7134
48110, -40.7168
48120, -40.7203
48130, -40.7237
48140, -40.7272
48150, -40.7306
48160, -40.7341
48170, -40.7375
48180, -40.741
48190, -40.7444
48200, -40.7479
48210, -40.7513
48220, -40.7548
48230, -40.7582
48240, -40.7617
48250, -40.7651
48260, -40.7686
48270, -40.772
48280, -40.7755
48290, -40.7789
48300, -40.7824
48310, -40.7858
48320, -40.7893
48330, -40.7927
48340, -40.7962
48350, -40.7996
48360, -40.8031
48370, -40.8065
48380, -40.81
48390, -40.8134
48400, -40.8169
48410, -40.8203
48420, -40.8238
48430, -40.8272
48440, -40.8307
48450, -40.8341
48460, -40.8376
48470, -40.841
48480, -40.8445
48490, -40.8479
48500, -40.8514
48510, -40.8548
48520, -40.8583
48530, -40.8617
48540, -40.8652
48550, -40.8686
48560, -40.8721
48570, -40.8755
48580, -40.879
48590, -40.8824
48600, -40.8859
48610, -40.8893
48620, -40.8928
48630, -40.8962
48640, -40.8997
48650, -40.9031
48660, -40.9066
48670, -40.91
48680, -40.9135
48690, -40.9169
48700, -40.9204
48710, -40.9238
48720, -40.9273
48730, -40.9307
48740, -40.9342
48750, -40.9376
48760, -40.9411
48770, -40.9445
48780, -40.948
48790, -40.9514
48800, -40.9549
48810, -40.9583
48820, -40.9618
48830, -40.9652
48840, -40.9687
48850, -40.9721
48860, -40.9756
48870, -40.979
48880, -40.9825
48890, -40.9859
48900, -40.9894
48910, -40.9928
48920, -40.9963
48930, -40.9997
48940, -41.0032
48950, -41.0066
48960, -41.0101
48970, -41.0135
48980, -41.017
48990, -41.0204
49000, -41.0239
49010, -41.0273
49020, -41.0308
49030, -41.0342
49040, -41.0377
49050, -41.0411
49060, -41.0446
49070, -41.048
49080, -41.0515
49090, -41.0549
49100, -41.0584
49110, -41.0618
49120, -41.0653
49130, -41.0687
49140, -41.0722
49150, -41.0756
49160, -41.0791
49170, -41.0825
49180, -41.086
49190, -41.0894
49200, -41.0929
49210, -41.0963
49220, -41.0998
49230, -41.1032
49240, -41.1067
49250, -41.1101
49260, -41.1136
49270, -41.117
49280, -41.1205
49290, -41.1239
49300, -41.1274
49310, -41.1308
49320, -41.1343
49330, -41.1377
49340, -41.1412
49350, -41.1446
49360, -41.1481
49370, -41.1515
49380, -41.155
49390, -41.1584
49400, -41.1619
49410, -41.1653
49420, -41.1688
49430, -41.1722
49440, -41.1757
49450, -41.1791
49460, -41.1826
49470, -41.186
49480, -41.1895
49490, -41.1929
49500, -41.1964
49510, -41.1998
49520, -41.2033
49530, -41.2067
49540, -41.2102
49550, -41.2136
49560, -41.2171
49570, -41.2205
49580, -41.224
49590, -41.2274
49600, -41.2309
49610, -41.2343
49620, -41.2378
49630, -41.2412
49640, -41.2447
49650, -41.2481
49660, -41.2516
49670, -41.255
49680, -41.2585
49690, -41.2619
49700, -41.2654
49710, -41.2688
49720, -41.2723
49730, -41.2757
49740, -41.2792
49750, -41.2826
49760, -41.2861
49770, -41.2895
49780, -41.293
49790, -41.2964
49800, -41.2999
49810, -41.3033
49820, -41.3068
49830, -41.3102
49840, -41.3137
49850, -41.3171
49860, -41.3206
49870, -41.324
49880, -41.3275
49890, -41.3309
49900, -41.3344
49910, -41.3378
49920, -41.3413
49930, -41.3447
49940, -41.3482
49950, -41.3516
49960, -41.3551
49970, -41.3585
49980, -41.362
49990, -41.3654
50000, -41.3689
50010, -41.3741
50020, -41.3949
50030, -41.4157
50040, -41.4365
50050, -41.4573
50060, -41.4781
50070, -41.4989
50080, -41.5197
50090, -41.5405
50100, -41.5613
50110, -41.5821
50120, -41.6029
50130, -41.6237
50140, -41.6445
50150, -41.6653
50160, -41.6861
50170, -41.7069
50180, -41.7277
50190, -41.7485
50200, -41.7693
50210, -41.7901
50220, -41.8109
50230, -41.8317
50240, -41.8525
50250, -41.8733
50260, -41.8941
50270, -41.9149
50280, -41.9357
50290, -41.9565
50300, -41.9773
50310, -41.9981
50320, -42.0189
50330, -42.0397
50340, -42.0605
50350, -42.0813
50360, -42.1021
50370, -42.1229
50380, -42.1437
50390, -42.1645
50400, -42.1853
50410, -42.2061
50420, -42.2269
50430, -42.2477
50440, -42.2685
50450, -42.2893
50460, -42.3101
50470, -42.3309
50480, -42.3517
50490, -42.3725
50500, -42.3933
50510, -42.4141
50520, -42.4349
50530, -42.4557
50540, -42.4765
50550, -42.4973
50560, -42.5181
50570, -42.5389
50580, -42.5597
50590, -42.5805
50600, -42.6013
50610, -42.6221
50620, -42.6429
50630, -42.6637
50640, -42.6845
50650, -42.7053
50660, -42.7261
50670, -42.7469
50680, -42.7677
50690, -42.7885
50700, -42.8093
50710, -42.8301
50720, -42.8509
50730, -42.8717
50740, -42.8925
50750, -42.9133
50760, -42.9341
50770, -42.9549
50780, -42.9757
50790, -42.9965
50800, -43.0173
50810, -43.0381
50820, -43.0589
50830, -43.0797
50840, -43.1005
50850, -43.1213
50860, -43.1421
50870, -43.1629
50880, -43.1837
50890, -43.2045
50900, -43.2253
50910, -43.2461
50920, -43.2669
50930, -43.2877
50940, -43.3085
50950, -43.3293
50960, -43.3501
50970, -43.3709
50980, -43.3917
50990, -43.4125
51000, -43.4333
51010, -43.4544
51020, -43.4782
51030, -43.502
51040, -43.5258
51050, -43.5496
51060, -43.5734
51070, -43.5972
51080, -43.621
51090, -43.6448
51100, -43.6686
51110, -43.6924
51120, -43.7162
51130, -43.74
51140, -43.7638
51150, -43.7876
51160, -43.8114
51170, -43.8352
51180, -43.859
51190, -43.8828
51200, -43.9066
